1452
-903
1229
1828
-1828
851
1483
-1167
1347
447
1564
1051
700
-1670
-1503
-372
-1818
1435
-632
-351
1215
1607
-1272
591
-1823
463
1926
303
-855
-924
-1814
-1810
-361
-1015
447
1376
597
1416
-1022
376
559
-744
-135
-1108
-1147
-249
71
1687
808
1684
1057
1212
982
1074
1306
621
-1075
521
-164
560
261
-483
1906
1461
-1083
559
-806
386
-674
-963
1727
-1160
-521
-763
612
164
919
-1559
1506
-397
1998
1832
746
-1465
-1496
1532
-1752
1806
1778
-172
-456
45
1140
-338
1950
1380
295
85
-88
712
1941
249
-850
1844
10
1155
-1639
-223
1342
1043
-915
-1063
488
-664
-895
-767
614
1833
-689
912
-734
-955
934
-1253
-303
-1696
-1038
-133
22
295
1715
-563
162
-1852
-1502
1947
641
-185
-745
-1222
-937
1180
1916
1448
-145
1773
1444
1846
-1709
-1318
1553
1125
1929
-238
1349
1283
1755
-948
-1613
-983
-1802
839
1013
1572
-897
-10
-1131
-664
706
-754
408
1783
-32
754
-28
1522
1195
489
-356
-203
1185
948
1494
1098
-1041
-171
-741
-1622
-777
196
531
-1558
-1292
10
-331
-1611
-1788
1403
-995
972
1963
-1048
1318
1867
1882
944
1612
-832
1006
1325
-1806
-1002
1899
1967
46
-1152
129
1568
218
1250
1267
-1098
1728
-744
177
-1133
356
1171
-1662
1856
-1587
1294
1819
1382
1466
-207
2
-250
407
-1555
257
-1120
-1450
1643
-1425
729
-258
-1647
1389
1289
-390
-294
1102
411
-1086
-1886
1789
1385
-771
249
-1043
1642
533
799
-1868
-1171
-397
1190
1498
-669
512
1923
-1042
299
1262
1275
218
603
-1003
1172
-49
-1814
-123
362
79
-801
-1715
958
-588
52
245
-1292
741
-397
841
1422
-341
-1682
-1352
352
1752
-79
-146
-1120
-565
-54
997
1300
559
1237
-1454
-176
998
425
1282
1367
-1115
1570
250
1381
1522
544
-502
1889
1778
-48
-1608
1632
92
1839
-459
696
-997
500
1199
369
-703
-1280
271
-1765
-1160
-125
-914
-580
1752
-191
1801
-655
-95
-1469
-722
1951
-240
578
484
-1278
-1142
-1652
-882
34
-1167
-403
-1366
343
-1756
1373
1378
-595
997
-216
1671
-1763
-976
-168
-22
1542
-1702
-1166
-933
-578
798
-1257
1122
811
-164
1950
-1031
546
1129
-1196
-204
-1070
-207
1892
1237
1745
0
-599
1610
-1332
856
1944
-264
1572
-1348
1133
787
1390
-807
892
-115
-1197
1843
-1656
1590
602
-1874
1901
573
208
453
0
583
-1281
65
296
848
-42
-1714
1783
1047
358
-372
815
1633
1855
930
-807
1872
-1172
1312
1306
916
1239
-1374
1699
245
961
-794
725
-473
-1738
441
-583
-1345
395
279
-781
1134
1097
1601
-1214
518
1942
-1896
1975
121
-1831
378
-592
1117
1968
448
1384
251
1716
-24
1560
-1678
-643
-293
-1540
-498
235
1466
-501
1320
471
-1280
-422
1048
-980
-801
-1682
-1114
1414
1248
526
-1871
1962
-1430
1310
-65
-274
-1768
-1647
-910
1580
389
-679
383
-754
660
-149
-1360
1798
1117
-193
-481
-1030
332
-431
1930
-187
86
689
181
1249
-872
-500
334
1520
-992
-911
846
694
-1573
1094
1767
-363
-645
-565
1524
957
-1441
-965
-1744
-38
21
36
210
-1488
-1060
777
1004
-32
-429
-1134
1731
78
172
1145
1369
-731
-513
-1170
-1162
-540
-447
-1385
-1790
-168
-1886
-709
-1114
695
-1506
-1374
896
-756
-678
-699
-1752
-1511
1754
-1735
1906
1649
-1326
-341
-212
-503
436
111
269
-1502
1534
-1483
-1056
1411
1966
1462
-631
418
-1117
-1099
-1384
-518
-1717
-1383
1919
-1716
723
1901
1674
-137
118
231
1017
1961
-1049
-556
1484
228
-1589
-467
1622
-1740
-1499
-1295
1513
1361
-947
-1618
1338
1699
803
-1449
1
1595
-862
-1695
-895
-969
179
1374
1990
-1849
-1476
262
1383
-348
691
1452
1116
-99
208
-1862
-293
685
-1409
-1899
899
939
1788
1805
1755
-620
569
-465
1139
833
549
-311
1154
-293
-1814
648
78
-1066
-445
309
1385
1665
-192
-499
33
1629
-895
-1686
1555
-869
-153
1749
-575
-1244
-1790
1292
-648
337
964
-95
-1493
399
-543
-976
-540
-346
1767
1704
630
1478
-1124
-436
1857
1414
1650
-137
436
1731
-1472
-1171
656
-441
-532
968
1312
33
1845
1526
-779
1109
1125
-907
223
-1626
-1193
-824
222
142
1651
-1201
436
-853
-1715
423
212
-904
-551
-156
1632
-1439
-1067
-505
1634
-1652
185
-461
-1723
1110
-1781
335
-1272
315
-968
-754
-738
-672
526
-791
1123
804
1032
953
-1243
-1657
-630
1254
-1551
-1328
-245
-1603
978
601
1029
-705
1169
485
-1689
-1600
-263
1064
-731
543
1173
1874
849
-1312
-1219
1021
874
1591
-740
-440
621
865
-828
1263
-335
-1797
844
-1277
45
1486
1729
18
-1869
-643
57
-1241
-840
1998
1603
-889
-1416
789
-232
-800
541
303
1317
-270
1204
-866
1135
-1018
333
1886
-1835
933
778
1930
-1630
-1311
1902
78
-174
-1432
-1364
-1582
-1213
-1667
-385
423
-77
-1572
-1082
1582
1966
76
-604
1893
-728
423
-1853
281
1157
450
178
411
1076
-1812
1138
1682
-1747
226
-840
1771
1098
1924
554
-322
1660
-30
-1413
-949
-1120
-420
-717
1857
466
1554
-1173
323
1534
1715
875
5
603
287
935
1839
-1687
950
1265
-375
55
1000
127
-813
1820
184
-258
-1614
245
-1848
589
375
158
-408
-675
-1041
1534
643
-1416
1183
841
1161
-1407
-1777
1186
1030
1454
602
-1660
738
1077
1308
1885
162
636
-1473
-954
-1829
-1602
1162
1590
-1522
935
-1120
-716
-1108
1283
-369
1601
-1805
1718
245
657
-914
958
1961
1851
-1429
259
1008
-744
1984
-984
-174
1727
176
58
-1519
-132
961
-581
557
-629
-1123
-518
1000
-1100
1060
-1617
234
-1786
298
982
-455
565
1562
1430
312
888
-920
1558
1879
1849
1284
-68
1341
1219
-621
763
-1412
-335
-190
1631
1625
-1071
386
-1086
1151
1515
445
-954
-796
-715
-1010
-1223
-807
433
596
-58
-454
145
1833
901
138
411
1460
-211
611
170
759
-1023
1920
399
291
1994
-546
-1829
995
1780
142
661
-820
348
883
-630
-1500
-1884
-890
1457
1303
-945
1080
-1829
-841
-601
1308
-53
-421
246
-1131
-468
43
-1100
-758
-203
-108
1896
1910
179
1427
1883
-1816
1538
1262
-297
83
-602
1256
-920
99
1844
1846
-1686
1364
-794
1807
157
1058
14
-246
927
414
67
-1524
1950
1457
-1326
350
1492
-1846
1739
-1874
-616
121
-1721
-1487
913
273
821
1755
-392
279
-1027
-746
-1330
-554
1519
909
1117
-489
479
1126
443
1096
1354
-1769
-778
-404
1604
1516
261
-1767
1993
1183
-326
-97
739
1748
-1749
946
442
1970
276
845
-1165
-1351
-575
-42
753
1935
-373
263
1433
51
711
1722
1838
799
-436
46
1563
602
-1605
-1493
-535
-699
1164
-7
-819
-1632
-789
1188
-1612
-594
1662
-996
-382
-780
763
-527
1449
-1743
1836
-1052
649
-656
-1763
678
-1680
-962
1675
754
-1575
-657
95
-238
-547
-871
-1878
417
-267
1508
515
729
-1835
1899
948
-755
-726
560
1023
-900
-548
1757
1613
141
-1627
-665
1725
-33
-1870
713
1859
1509
-1281
-1392
-487
1278
-1057
-1168
-1718
-1265
-969
1307
-1269
-1338
-989
-1699
-1771
-1584
-1021
22
-1303
-1501
96
1488
-1450
-1844
211
1637
-1420
775
608
895
160
1655
180
-493
1669
1724
1001
-1400
1889
1710
394
121
808
-1601
1035
-338
-306
-618
-942
-56
455
1463
376
-818
-1038
-146
698
-217
1050
-1743
-841
181
-504
-1694
-1342
1188
413
-453
-196
578
-1673
1331
-822
1289
809
-1739
-765
-902
1081
-956
-1632
-752
1427
507
748
-1277
79
-1759
-1278
-1463
-667
291
755
490
-1760
-1479
-1643
1018
-399
-1626
1859
-1210
-1139
1307
1421
839
1511
-1655
-970
411
958
-406
-1304
1481
1144
-910
-1265
1718
642
-392
1364
-1430
-1588
1566
-1034
-891
1420
-1217
-678
-282
1355
1030
555
865
-969
218
833
-1033
862
1761
1264
-229
1439
799
-718
-1520
1756
-215
-717
-1224
-1307
-780
17
-422
-318
773
-95
-882
-1212
1508
-1402
445
-1178
378
-1623
-314
-573
-797
1047
880
1903
-1821
1813
760
125
-1750
808
-347
762
364
176
636
-988
-1431
-920
658
389
150
1748
-1264
1878
-691
1317
57
-1597
1317
1747
1985
1117
-725
1426
-1814
655
1433
-1476
650
228
-659
-71
213
784
946
-883
702
-757
363
-1629
1647
1760
-1291
1629
449
391
-1204
-1837
-336
-546
-346
-1006
1829
1138
1778
876
1900
-1576
-1061
-1567
616
1278
-1799
-1201
366
-1121
145
327
1540
-1202
204
-657
-877
1115
-1293
532
-1442
478
1236
-202
-675
772
1376
-1290
-1834
-1297
-1720
-1196
-1214
-1151
1216
903
51
-977
1694
-1656
-60
-975
499
1069
738
-700
1303
970
598
1971
1250
879
-87
330
-464
-659
-281
-315
-1775
-1375
635
940
1026
-1057
1707
1873
389
-1800
-147
-197
330
834
-234
801
1334
-1308
-1811
1674
1529
-839
-1418
-29
414
-1057
-793
1773
1841
1562
-1755
-172
363
-1587
60
-137
327
1327
242
1221
-1588
933
1796
1927
-74
-1704
-515
12
1467
-1345
1513
545
-1284
-1311
1862
1081
-1867
-932
1946
975
1247
836
407
1069
-1041
1535
748
-702
1827
883
1938
1101
-1016
-1830
-571
1347
235
-1691
728
1256
-535
498
-802
1312
860
-1188
513
491
-977
-346
1910
1993
379
1403
-629
220
-1287
1384
220
1464
-1612
1877
1783
414
15
-1406
975
-1773
1431
435
1633
1293
192
1477
848
574
-81
1585
-44
374
122
35
1536
1904
1346
1646
-1682
-514
249
57
-1610
-1669
-750
-259
1222
-491
-1377
-329
437
-1213
-1439
1672
-1633
1712
1098
-1333
-630
-1124
-557
-1602
-1705
-805
-512
-141
-1437
1840
1671
1627
1742
-95
1309
-682
1816
-1868
1413
426
1250
1574
802
-277
-1611
283
1851
-1729
-1483
-1311
-1550
-1152
1661
476
1254
-257
-1770
359
-454
152
-1464
-733
-1376
-1002
579
1691
-407
1011
300
1484
-1546
548
1827
1753
-207
74
1984
-1869
356
-951
378
732
-1247
-1477
427
-812
-151
908
1430
-1886
717
237
1515
-1803
-1742
-1838
-591
626
-1088
1091
512
-5
499
1033
-429
1012
1748
1844
1170
1476
1041
487
-47
525
-79
-1090
1007
947
601
-1647
-978
1569
1658
1788
-885
1253
-218
-1879
-50
387
1718
1001
281
-1831
-579
-1647
1009
1904
1136
1259
-1164
-1000
753
40
-1334
1318
1754
1526
-1322
-156
-635
-1118
-55
-170
-550
-686
1412
986
-1235
-1357
-871
-224
1315
-1256
1912
-173
1016
-1798
1876
-1267
287
355
1630
1554
1022
578
-1388
-986
-564
-1589
1304
-1105
979
240
-567
1909
1423
-149
-1492
1395
17
1688
-846
-443
1519
826
-816
188
-1005
-1407
-1867
-732
-1775
-261
-287
-1267
-580
-1084
1234
942
-664
299
-1791
-865
1886
1488
1163
14
-102
1964
860
-862
573
-779
1176
284
-189
-986
321
923
-728
-1561
-1054
1281
-1459
-1346
-52
-936
1135
-585
-268
1987
379
77
-1830
-1897
-1702
-255
928
1440
-1020
-313
1172
-307
213
741
-316
-1683
1711
-234
158
-769
-355
393
1516
449
1401
684
-512
1414
177
-1043
1503
1111
-700
-594
652
500
-304
-1398
-678
-1715
457
-996
1426
994
-1552
333
1383
20
1506
1772
1758
-1737
1282
1403
-91
1355
1514
1432
790
-649
-278
1683
-1808
138
-1280
-937
59
1090
-172
1848
176
-1190
1251
-478
-1499
-1496
-399
1893
-400
374
815
-1518
743
-1227
1385
-1126
1073
1763
1926
299
1234
703
1060
-792
1550
-425
-1562
1222
1372
-1484
232
604
1933
323
1568
-747
-199
-981
-1697
-947
271
1263
1871
726
1822
1183
665
-757
942
917
-1295
1097
1405
164
160
-1165
-448
1092
693
31
1770
-1519
1515
574
1636
-11
1931
-1197
-1899
-648
-177
1399
-997
1828
-1021
-1279
87
260
-1293
1951
-1112
899
1368
1128
1637
-335
-1565
1196
-139
1695
-1722
-1173
-1242
-968
1674
-1776
925
-1003
-1520
-422
-335
604
105
-533
30
328
-444
428
177
-1080
431
-562
726
1362
1407
992
799
-80
11
-1823
293
1754
-1448
-1132
929
-1144
1827
-1114
-875
-397
490
1255
856
9
1801
-1419
1590
1283
-626
1580
276
306
1859
1104
39
-318
195
-1040
-1297
-600
-129
1775
-473
-1360
-588
1767
-1191
-1716
129
1986
1023
-877
-764
-1827
-1418
-1147
-1128
1740
-1630
1723
626
501
1952
1857
-1667
-736
-1243
215
-110
636
1044
438
-252
575
-1090
-1501
-1718
30
1984
-790
-928
-828
727
1271
-1728
1919
1553
-909
-215
-586
-1364
1222
-1240
-1069
1691
537
-316
285
-1419
-366
-96
-131
-1150
683
-1734
1935
1405
1963
-393
-701
1856
1829
543
-233
1737
-805
1527
-455
1411
991
-1198
1286
-1285
-342
298
1287
-293
1753
452
-1685
-1156
-1726
-437
-329
-535
991
867
654
-929
-1296
409
1809
-241
1059
-307
-538
1796
-327
483
-447
-372
-212
1367
554
718
210
-434
507
-483
1814
-334
1004
-1396
-1390
46
-1145
627
498
-1469
1648
-248
77
-468
885
1797
283
-1356
635
-563
1764
274
-40
-109
-1028
-1857
-1894
-865
275
1047
-481
346
757
-45
49
-1250
-1040
947
-1847
679
1654
482
-1867
-103
45
-920
-730
-1348
569
-345
-123
259
1228
1811
-1194
1462
203
-544
158
1294
-1708
-96
1959
626
-1288
212
-1891
-1244
-466
-531
-1750
-640
1213
-1411
-1317
-664
260
-234
-789
-1300
-1275
-1853
134
-1892
-305
1885
1430
614
-1630
1689
932
1450
-402
-1501
1317
1501
-980
-883
-1124
-259
-726
-188
736
-82
869
-1101
686
1444
-436
1841
891
-291
-670
799
-293
-1746
1177
-1006
-344
1652
-1391
-1475
-574
-1528
-576
-229
1445
-199
936
921
334
1011
-1526
1769
826
-887
1182
-691
332
-714
-1312
-1203
1164
-78
-68
811
-620
1799
192
1206
1965
-1232
-802
447
-1790
-1364
1258
-1819
-1177
-1665
-1556
-998
1463
1253
237
1713
929
-1567
822
651
408
-308
539
1065
1515
-1277
-1460
-122
-54
-641
586
1015
-859
1888
1336
-15
-1145
986
1753
556
1904
-454
-269
1046
-1627
-12
1979
-591
1371
-1418
1889
825
943
-830
-1181
1254
-121
1506
-578
1418
-1580
1321
855
-1485
-551
1176
923
-1556
1944
-1683
1124
-931
-884
-1562
-1066
102
-1539
-700
1503
712
-1543
-1489
-1629
1923
1968
983
1491
1618
-1414
201
-1137
-1624
12
272
259
-1227
-316
504
1550
1043
209
-199
-1234
390
1813
-1418
1318
1623
688
-567
616
839
1127
1963
-1358
678
1635
-1115
-1328
1402
995
1924
-1270
68
1461
-630
-1200
261
-772
1034
-1165
-826
-1394
-320
1016
963
1100
-1331
1739
1241
527
142
731
-487
545
1358
-142
660
1655
1016
102
1276
806
262
-1518
1015
-1413
194
-1796
753
-729
-134
-653
579
382
1192
1194
967
-1403
790
233
-888
22
1394
808
-1194
654
1434
1254
-839
-1757
-501
-997
33
1553
-1702
1433
741
1419
-808
993
33
826
234
376
322
155
-1591
-1177
1050
-69
411
442
413
1386
743
201
355
-1128
1175
-307
-230
882
1512
-279
16
1702
-1316
-1350
1732
1627
-190
-549
-1283
-437
886
-275
1635
1890
757
1614
12
-746
-1171
-1053
-1214
-406
267
-1440
731
1961
-173
1228
453
713
621
453
1269
-468
-1247
694
243
316
-1824
89
-1702
78
-675
-1109
-646
-1175
-860
462
-801
-133
-1644
212
1805
73
522
1014
-964
-833
224
232
867
659
1170
1471
1720
1450
-800
-242
-1525
-323
-212
-1887
189
1929
1344
-1543
-1459
-819
-84
57
-1442
1919
1341
1119
-878
659
-1656
-1033
1673
413
1084
-963
-267
-1124
376
-1030
638
-232
415
389
697
453
-1724
-811
152
423
-156
-175
1279
288
1701
1016
-275
-1786
-1537
-980
-1668
-676
-841
-264
771
434
405
-921
842
-1410
1820
-780
1533
-785
-1619
198
1187
-991
-407
-591
-474
965
792
-1293
-79
-357
368
1466
1183
1684
1034
-1263
1600
1304
1399
-1040
1671
-414
27
1644
159
-1336
529
301
607
-320
-1219
-597
-154
-1159
51
554
655
-1041
92
1308
-1105
-422
556
732
-1628
-267
1999
-631
-1039
-1843
-983
525
1154
662
-67
-1426
1760
1653
440
-1076
1619
-1302
172
1937
-1035
1175
1429
-478
-358
-384
-1562
-1613
1019
849
-501
-1688
395
-436
-1653
-521
1411
-109
-831
1321
275
-1735
518
-1477
-586
-119
-71
184
856
-1419
1879
1756
1388
-817
-167
1674
59
844
-856
1105
861
1337
-1727
-1444
-264
793
915
-1598
-307
932
-74
-353
-173
1264
510
1293
1757
258
-461
-508
299
1613
-1014
-100
-231
130
1825
329
1527
-963
76
787
1760
487
1475
-1506
318
-396
1297
1370
562
1734
-792
1967
941
-1814
1702
0
-1053
-952
96
-699
549
1462
1172
-650
1469
1610
-827
563
1491
-849
-1524
-1301
1101
-345
440
1686
1756
505
1686
-630
478
-946
-1388
-183
1879
982
-139
-1647
628
-1168
-1708
-142
721
-611
379
-675
-500
-596
413
-799
878
-1244
-640
542
257
-766
-565
-1082
-564
-175
-962
-1705
-1578
252
1640
1152
-1728
565
-1599
1405
-657
850
-1190
27
1523
1662
1471
-1163
1305
1220
847
325
729
-204
950
1695
-1289
489
1070
-1360
1891
-976
1679
-1461
-648
-1385
-1286
1567
-934
-1656
-1827
132
-1597
1850
1873
663
-605
-1310
807
-535
457
1505
333
-309
-1044
-580
-346
1735
-1052
-811
-1833
1017
-900
980
1200
-1310
30
1776
-1784
1312
-1488
-228
-879
1741
-574
1058
-483
-1802
558
-681
-1852
-1303
-725
-1629
1790
651
-840
-1825
477
360
1575
202
-1055
1344
1984
-111
-157
-31
-715
-1416
-36
-627
1987
1872
-271
-444
624
39
-888
-237
551
-1609
423
683
-1309
175
-436
439
1881
-488
1278
1814
-345
1103
1496
-1399
-765
-992
-1765
-1135
-189
126
182
1154
1711
-1523
77
353
60
-328
1919
-102
-1444
140
-185
-1796
1265
-197
1620
-1083
-283
1738
1877
512
1597
1889
534
1489
-74
-1047
284
-1578
838
1964
-87
-1807
485
1870
-1492
1057
-268
378
-1095
-1791
-1166
-598
1611
-405
1207
-1763
1824
-1262
318
-429
-1768
248
1386
-1784
1755
-1191
1885
452
-474
297
1302
-290
264
-654
-380
985
233
1265
730
-1763
294
446
1873
-625
-1430
-1848
-707
-188
-1449
-1593
-1253
-25
258
-1855
1608
632
-861
1313
-1567
-878
-860
1710
-427
476
814
-805
-1900
1519
-624
1506
79
350
1917
-1142
-65
1134
1245
1218
1201
-1321
-526
-1715
1524
952
1500
1031
1660
1268
-1110
743
352
-996
282
1453
679
192
1346
-50
1375
1185
-651
-1153
-1807
665
-249
581
184
-1527
754
180
288
-901
1573
1558
1106
-1347
184
-1879
1040
-942
363
1545
-87
-1289
-122
1150
1209
224
539
664
-323
1846
-1720
1090
311
-1267
-1181
-1763
1921
-1626
916
1503
-298
333
-1077
40
-1633
-526
1684
650
1606
-297
1404
936
1147
272
782
-654
-564
-1845
-5
732
29
1738
1317
-1244
-456
1807
1218
-51
-1884
1575
1211
-398
-902
-1381
-397
1150
1850
-412
-293
-1186
61
-1429
-549
-1680
1398
1939
-215
-1637
-1231
1357
-374
667
871
-1493
-986
-32
551
-1345
-1558
14
871
-32
-32
-7
-1865
1361
-868
-488
-1158
-1682
-1289
493
1861
997
-1714
-1689
564
-394
1545
-1539
1956
-1115
-1260
-1136
1129
1880
1522
-671
-873
854
1566
596
-189
-1363
-347
560
-609
-20
-189
699
160
-718
1641
-281
-1102
-854
1050
1010
-118
1621
276
-505
-22
-1307
-849
-1209
120
-477
378
-942
-732
-850
66
-933
1306
79
-182
-466
1227
23
1455
-215
1117
1901
1212
788
335
-1797
685
-1247
-1836
1929
-69
132
-1730
-223
1411
1005
-1437
136
-1667
-1794
-17
104
-949
1501
1457
-234
1983
1253
-1287
-1522
725
572
1931
-1478
-564
-1493
-720
-57
121
1008
1636
1327
-1426
-1695
-91
1289
-1028
-1121
-1004
1868
1789
1866
1833
-1830
-153
-799
812
1065
1286
769
-952
249
-1091
1938
-917
-1338
-827
-1059
-257
-650
-1603
-1185
1013
1051
-37
-328
67
283
-806
-43
2
-1627
495
-904
1240
97
-570
-1549
-572
971
833
-893
-726
-1487
1918
300
1593
1337
82
-1747
1136
267
-562
-1437
452
-389
-1722
337
-904
732
-158
1988
1688
-105
1413
1699
1848
1162
-366
-1053
-937
-1790
-542
270
924
1284
-439
1582
-815
-1019
-1201
52
25
-1358
19
-951
-1340
843
641
-1663
-104
-11
-1080
273
1474
-1293
-1819
430
1090
1212
332
-108
1545
-978
1802
1405
-821
-1628
-1750
1830
1951
-1751
1511
188
448
672
-1730
-846
1568
-1610
886
-1009
-141
-507
466
-1453
-1591
-751
435
383
-1123
-226
457
-1226
-267
-654
-797
1195
1916
-1519
772
-1548
-1565
-113
-1190
-1675
1970
-266
518
368
-718
-1064
-1066
724
-1888
1273
-1537
-1052
-986
914
-1627
960
713
960
-582
1277
859
-1018
-753
285
-1597
37
-319
-405
972
-938
-1580
-1182
1943
1319
-1172
-581
523
273
1214
-1124
-860
1093
-641
960
-802
933
898
577
1680
1548
-1311
-1370
-1729
208
1466
478
132
-1479
-889
-1754
782
998
-794
-1376
414
187
1397
621
-1800
-602
11
1393
1958
1692
-518
-1119
368
-1387
1743
1088
-502
54
1399
48
-1829
-1571
-847
-304
-975
1312
-1261
1016
1212
-878
-1527
871
259
-388
826
1504
-1600
-919
1376
-572
-283
212
721
970
-610
1342
155
895
1372
-800
-156
-1047
1163
-1778
412
-1176
1861
-1186
-1873
-632
58
-1100
-288
1211
182
1042
-916
1017
-1079
1347
-976
1874
-483
-184
-1098
609
-1649
1405
-710
-884
72
2
1573
524
1405
-1562
1840
-121
-1457
958
1209
1562
715
377
-190
1756
-782
-1362
-1474
-652
-203
631
682
41
103
1091
-227
92
1851
1355
-385
-1156
-1532
1219
191
1152
25
584
24
1920
424
40
-497
-855
1521
1904
1821
-1674
835
-1411
1837
286
1538
-236
1104
1941
754
-1260
-1053
-859
1528
-410
-177
-471
-1409
-306
-1780
1785
1362
1477
-1429
1846
22
-1880
383
167
1395
-670
1003
581
1622
-1019
-1337
-138
-443
103
1454
1315
269
424
629
-1574
-1343
392
-173
-1653
1148
1626
1047
-846
-623
537
1457
1175
-222
-1299
-497
-893
-922
1616
-58
1988
-715
1907
-167
1678
875
217
-1099
995
-604
-491
-372
1333
150
-1686
-761
-1202
-758
836
267
376
88
-773
1508
-1497
1773
-259
149
1428
507
-1758
-885
893
-1543
328
769
-1533
-615
-1578
-353
-1829
1227
-244
-1870
1048
-1528
1845
-1319
-1860
-1560
-1265
-1231
-1036
-1612
-325
366
-749
80
46
772
438
200
-567
-1886
-1890
-1360
1487
714
-368
119
1062
-1556
939
-28
-1164
488
-1190
142
-1777
1669
1198
-495
-1457
1526
-168
1044
-992
-1040
774
1555
580
1523
1704
-551
1683
-265
-1718
-1190
-1193
1229
1465
441
-1718
769
1816
-1764
1902
-1383
-296
-204
-162
1454
748
984
829
-1357
1072
-139
790
-1284
-1413
1554
1538
-936
1216
1651
1887
1018
-713
411
1313
-362
457
1145
-1726
-367
518
772
-1686
1913
1162
-1142
256
-967
-1237
-1649
-82
1413
-1022
-1750
-1719
-559
62
1625
-317
841
1680
314
827
-1073
-686
88
-1729
179
1918
787
-463
1613
322
-510
-1486
-806
-807
1859
359
-1341
1203
-591
-1061
-1118
99
791
1931
1931
1863
1323
-1352
-408
1246
1078
1431
712
-1061
1791
1650
396
477
-1215
831
-1777
-1773
1460
-1099
771
-247
1886
1458
674
751
-1705
278
-1573
368
-1668
-985
1847
1109
653
-644
-254
1841
-1470
-441
-622
718
321
1176
-1079
1043
1946
1875
113
-507
1458
1650
1395
-386
-1423
-1106
1289
1386
-328
1684
-1722
-289
-101
1849
-1440
1456
1157
-1237
-1002
1735
928
-1404
400
-1889
-592
1261
787
-1077
837
653
-334
651
-1826
-1609
399
-835
-1025
-1529
1517
312
-1846
202
1854
1262
465
525
-1093
1331
1031
778
139
1210
1476
967
-540
1341
1378
-1138
-1587
1174
-1080
941
1231
1051
-418
-622
328
-1229
1713
-859
1237
1276
-529
1348
222
-340
-366
199
1182
110
387
-1305
375
-1694
727
778
488
-1565
1584
1405
736
1374
-315
1098
1063
-849
-1320
753
-1714
1217
-1692
-47
1808
-773
-1629
-374
-496
-1231
-1472
1170
548
-1495
-234
304
-854
-1499
38
338
1828
-1783
1339
1187
-1780
1775
975
179
1607
1346
-1419
-1569
1802
431
1464
-419
1633
796
-162
-492
-1045
-147
735
-526
-861
203
1355
975
-158
-529
32
1538
-1301
1328
640
-421
1710
-304
855
1552
13
1065
-15
1940
1429
1605
528
422
-1517
-1484
-1650
67
215
662
-1851
-1379
-1207
1336
-1674
-1492
1483
-1113
1738
476
-317
-747
1400
-614
524
1738
-938
1450
-867
1558
759
-228
-251
-1299
-822
-1759
1571
-742
1038
-571
-128
-311
881
-976
1308
186
1882
414
1946
-290
311
-8
-1800
-528
1456
-1589
-925
1845
835
157
159
733
1242
1608
-1402
360
-1355
966
-1091
1602
790
555
-8
-1045
-1292
-1622
654
-1120
-233
984
327
1882
1256
1603
-862
1138
-1064
1129
1758
-1625
-90
169
1815
1695
84
663
-1379
870
-165
438
388
85
-1757
1150
1115
-343
-1742
-904
1244
-567
-474
697
1544
1077
1089
-860
-543
1039
200
-466
306
33
-852
926
-225
-197
-1284
-1030
-1434
381
498
1229
88
94
-737
510
1901
-1711
1727
1269
989
-1252
78
1951
1437
1988
-1076
-306
1290
-1508
-944
1547
1377
1751
974
-1406
1816
282
-1657
1504
-1322
1240
1043
-45
66
-712
-92
-681
1340
896
-872
1489
-141
-1233
561
-805
-1797
1507
-391
-1456
1151
1738
-951
585
-958
-1878
-451
1336
-384
-620
-1677
-1521
-183
-1006
-879
-1885
206
-359
-1332
950
-1884
-1696
1926
-1112
-613
1798
1535
156
-63
1978
69
-1614
-4
-157
-772
1408
-1444
1222
384
689
-1724
-726
843
-488
1950
1183
1196
862
-1380
-14
-20
-158
-665
-1557
-1798
1514
-1896
-687
745
1906
-594
-1606
-414
-579
1469
-1690
306
314
-1002
902
925
992
673
-1183
-1189
-1803
1198
-540
-612
-1255
1514
-97
231
751
-581
153
-828
675
-869
-283
684
699
1840
453
984
-1394
514
-174
-1355
285
1664
433
-1109
-897
-1158
-1574
-1660
163
-1314
-407
-1151
-1353
1277
1959
1260
651
182
1866
1617
542
1846
-1827
1258
-604
745
1377
-378
709
1896
-913
35
-1707
643
1127
1799
-1091
1430
-1891
1018
1050
569
24
1421
-768
-999
368
1950
-1665
-919
1158
1716
1906
-1333
-1073
259
-813
365
1204
-911
-1077
-1064
-1554
369
-679
-929
275
-1778
1214
374
-883
-338
-1011
-140
1114
-1693
1024
906
-202
-993
-1050
1344
-1617
1166
-1147
-341
591
-1887
-1398
850
-369
-489
1636
-544
-371
87
-589
-1165
1135
1460
1111
219
1494
1706
1270
387
88
-1472
-754
348
739
-326
-229
847
-1031
918
1237
-1288
927
1756
-1798
1766
-1716
30
13
-1640
863
-1718
36
1557
1349
511
-1765
100
-253
885
-639
-631
683
-14
821
-274
-755
-1734
-1482
1702
997
-1234
1848
-350
72
-1824
291
-197
1971
-1173
-1723
-242
-79
-1845
1209
-988
545
-1278
1089
-964
-198
-199
-1438
-1605
1943
-1302
-68
-777
562
234
1632
124
-1160
1926
466
1573
-270
849
1222
1624
1380
253
-1027
-1507
1010
-460
-608
1047
988
180
-452
214
-1427
-1889
833
823
-520
-1573
-1394
-136
-1776
1730
912
-349
1014
-855
1861
1648
966
419
-1456
1893
-624
1297
-1565
-34
916
117
-5
89
-689
1622
-940
1744
-1529
379
-788
-1089
-980
-395
-1852
-401
-639
-1752
-1016
1619
208
-127
-1762
1162
1215
851
-480
1991
1719
-872
-163
554
-1315
232
-152
-1441
-332
-330
1222
972
-1566
-1170
-1811
1182
1013
-1170
377
1913
1219
1450
-464
1176
-1123
1108
124
-1216
1859
660
-116
1173
-208
1395
327
-1511
-1425
1958
-1734
-768
360
919
196
131
1921
-785
-1567
1518
1379
551
-1031
1866
1525
1622
-645
1208
232
251
1824
228
766
1945
1502
1280
-1012
878
1468
1511
-1737
1483
-1741
-1427
1957
-1248
504
-1570
-1690
-1701
1093
-1426
563
-1450
687
-459
575
830
1311
-7
-1792
149
-1111
-718
-735
-668
-1590
1762
-1564
1145
854
-1895
117
727
1159
-857
-496
-1666
-154
507
1604
717
-159
1374
1765
1522
1527
1024
762
-585
859
365
-1268
1367
-299
-1178
-1169
1257
882
-545
-798
171
1551
996
307
284
1285
-1300
1545
826
-534
-279
-473
-1151
-1371
-514
-196
1036
420
736
-1678
-1423
404
-781
570
626
1314
170
50
784
1087
1722
66
526
-1897
1306
-670
1136
-1055
1772
494
-587
538
-477
1507
-163
-1010
-1760
1223
-303
-377
548
1647
-1491
471
1438
-128
1499
-1136
1945
1634
-46
654
-935
165
672
1695
1270
1404
-441
-1731
1733
-1391
1584
-484
1591
-702
681
1886
94
-1294
1523
1215
-88
770
1876
995
160
1821
835
-496
1803
-1062
1994
-653
-876
-782
919
-1039
410
-726
1021
-1214
-715
-409
1234
610
1880
671
1556
-997
869
-554
-722
-1623
1869
1617
800
1498
1040
1809
1724
-8
-1429
-1704
1916
53
798
58
-1502
1180
-1658
-688
-971
-243
-1206
-1561
-912
-1074
-151
-1410
-1329
-1295
-1493
1838
-1592
-1403
693
-911
1515
891
-1399
900
1893
408
-348
-125
-209
1948
1297
-612
1706
1077
-1758
1143
1934
-1012
-79
-1167
1373
-1156
1454
855
1062
1265
1415
-1762
-722
1449
-653
75
-814
-88
286
199
956
450
175
1463
804
-1015
-1248
1164
1376
699
512
883
1992
-429
67
629
-1414
-1196
296
1912
1535
-1517
1062
955
1160
-7
1088
-902
409
930
820
21
-1769
915
-381
-598
-304
-1795
-317
-1343
-298
-1832
579
810
-1834
1191
-361
1223
574
1241
1357
-811
-1201
-1005
791
-1679
-1794
1216
-1671
-1090
-438
-967
-1506
1920
103
783
206
850
-1533
-1763
-1040
935
-475
235
-1833
-1877
-220
1955
-650
-867
-306
1727
1915
-1178
1864
-643
-827
638
1814
192
-1618
269
1177
-1046
1212
-236
487
-534
686
-1466
285
1047
67
90
806
-1079
123
-208
-510
-610
-954
-1195
-416
-1135
1475
-121
1339
525
1577
725
885
-920
1379
-1143
-1294
1980
1793
-952
1338
141
1289
121
-1527
-245
-1734
-332
-120
-352
-1769
1235
-926
-1745
1458
539
-1638
-83
-697
-885
1761
779
148
86
177
406
969
-677
-314
1620
717
-375
1879
1546
771
-1133
-385
-7
-184
-291
1427
1005
536
1655
-395
-728
187
-773
1503
1464
-515
-880
-651
-397
-1338
-377
1437
116
658
1542
1190
1478
-1001
694
-153
-1191
208
1432
553
-1297
881
-456
881
1044
1046
1723
-1019
-1492
-1792
1412
-528
1458
247
1537
616
236
1817
1876
20
-119
-1889
501
1547
-1722
1972
-488
-652
330
734
1372
-162
-245
1831
1058
1234
-1002
-574
1425
111
177
195
-688
-1280
229
12
-1501
-1337
-483
557
596
-1713
1490
-1153
-1749
-685
-780
-119
-1480
-1098
-1093
1822
-1527
809
-1887
-18
-792
575
662
-536
-1750
840
-163
-329
-1269
-1816
487
1905
1811
1094
-1877
39
391
1559
-1166
80
535
414
-163
-1016
1123
-1
-1629
414
-696
-815
1009
1628
-883
-948
427
1054
-740
879
-315
-1603
230
1694
1004
-438
573
-486
1739
58
-795
-1510
217
1594
-1864
-1222
1543
184
-742
-790
-716
296
1158
1817
1528
-1041
887
-1258
-1240
754
93
1785
354
631
140
25
312
1872
-707
426
-1625
1568
-1070
-135
-780
730
-204
1483
-1215
-1226
-982
1571
1758
-1848
1769
-1531
-397
-1712
1703
-852
-634
1405
-379
-587
-936
1902
-511
55
1690
-502
112
408
-1843
1523
901
996
119
-1604
-1880
-1583
1825
1173
65
-1503
44
-1824
-845
617
1336
1015
176
856
20
100
-1592
353
-1707
-1399
1529
-1476
-877
1361
866
596
1880
-1727
-698
-1681
268
130
1054
-448
1849
-783
-1627
1272
-62
1902
-707
1169
338
234
-1098
1140
1864
-222
1293
688
1835
-853
-1744
-1145
1508
-1864
72
734
107
-1313
-224
-1087
468
193
839
-1524
1583
-937
334
-722
235
1520
-1554
747
-194
1480
1272
-72
1457
-669
108
1568
-429
1455
-199
669
1647
776
1559
-1024
736
304
1167
-922
1252
530
385
-1464
-1507
401
479
-332
1180
-862
-988
-1438
-1008
-1159
-177
1579
1752
386
1066
-1234
-1634
433
-220
-1691
142
-1354
1218
1968
1580
1148
-277
298
-374
-1719
1248
621
174
296
-1448
-1759
-1134
1794
-685
-314
1512
1367
-1075
-1177
1537
-1886
-1875
-1127
1033
-1160
-426
660
-1788
-43
-35
1445
1021
-1149
-891
-31
-1453
558
755
1622
-508
-1402
750
-1823
-1060
1511
-81
-1239
1843
-662
-1571
-988
-723
-234
837
1722
160
143
239
36
-453
1569
-350
-1015
1354
-786
-859
8
876
-1844
-406
431
-1306
-1646
1439
-1161
-393
-921
1324
-1466
1210
356
1540
-117
22
159
-46
906
1632
340
-1204
0
-796
-1803
1890
-1562
63
1967
920
1359
-1414
90
-342
1345
647
-51
171
-293
1456
135
-558
1134
1426
118
1422
80
1922
1272
-873
1226
53
-1608
-76
632
-1545
160
973
1346
379
-1356
-891
-17
1423
-490
-1209
-1100
441
-1775
69
-1496
-1040
1027
-186
-1426
327
-569
138
-1763
-1372
1984
-84
1047
-1205
398
-1845
1303
-450
-284
-1493
-334
1708
-694
78
-319
63
-448
668
268
1126
1029
-493
-604
609
1648
152
1835
-1735
-360
-1
-626
1164
1053
-1621
1259
159
-1034
-1129
-754
6
735
1850
-1727
-316
-59
-913
437
-232
-703
250
1061
720
218
238
1213
-1759
-1566
-1443
725
1837
1950
1929
-59
-1374
1712
-1576
-745
773
321
-203
1169
-1694
-1210
-1412
1972
1449
1612
92
-1344
-716
746
939
-842
1391
-130
-221
-21
799
1364
1708
-566
881
1520
-1693
0
-523
-1674
-443
-1118
1014
1476
375
-479
-1674
352
152
-1725
1223
-979
417
1493
-112
-1746
1508
-793
1960
1194
-966
162
-623
1879
1284
1437
1518
36
1396
-1365
1169
1905
1321
224
-1089
-1067
247
-1377
-1754
-1669
563
-258
-449
926
1170
-499
-207
1043
-1311
133
-1227
-1807
1674
-644
98
898
1384
1651
-1859
-1085
1152
1997
-644
350
691
-534
575
-40
-1234
-1763
204
930
1155
1997
222
1381
-294
872
1663
-1124
-1371
-1689
-646
-1302
1969
1557
1717
1626
55
916
-96
-1269
808
1385
816
1236
-96
1135
-1144
797
-1573
380
-1560
-715
-466
-1670
341
-1276
461
598
215
1443
-1839
1420
-363
-1334
-1162
-982
512
-544
1741
381
708
-402
1244
268
-1312
-931
-1102
-1462
-1064
-841
-1651
437
-1792
241
-583
1704
-675
1481
419
94
925
507
-606
1995
-1264
-1217
1682
1804
1484
1069
1246
-1056
1696
-1789
-284
-1426
909
995
525
-555
358
1132
641
-1321
1494
1283
-781
1362
-1864
979
48
-1362
-732
1940
347
-1182
-559
733
1166
484
-984
56
-1047
1230
151
1227
88
-557
940
55
-926
621
607
-1778
-1179
-1131
-38
-1211
1800
-852
629
183
-1416
1986
-838
-986
183
-888
1230
147
1765
-518
-1449
686
-664
-59
1147
0
-1059
-1071
-383
1507
-448
-1135
-678
874
-1156
-1732
-302
-1777
1144
1148
-2
702
-1420
-1386
357
-1243
-201
1012
-1017
-214
1751
-1133
-217
619
1223
-164
-1871
274
1962
-1286
1311
1907
-1039
-760
1801
-1279
830
-450
240
-485
50
-1317
-555
-1644
-1350
-1332
-611
-559
1224
627
758
-18
1554
893
643
-1387
-782
-999
352
33
1851
304
119
462
1507
624
689
-170
477
637
-419
1670
-229
1974
1046
-1658
-617
-248
-148
5
468
1586
-1874
-1618
669
-1840
206
1409
-1694
-1446
1625
20
-365
-1561
-1831
-1606
-997
467
985
1610
-1225
83
-869
288
1002
950
-731
-460
1582
1598
-1817
-288
-1141
1015
-1481
942
704
726
-438
-1157
756
-657
-753
-452
-21
1366
1138
-1094
-914
-1612
1015
798
808
-159
-1367
616
-800
1783
1212
404
1123
-1335
-1720
-833
-914
1223
1094
-1710
-1834
-1186
573
1001
-1845
-1072
-971
53
1332
1763
-1418
-1708
-5
1633
-1247
-710
-971
968
-1557
1035
-1732
-544
1930
1440
-1384
-407
-166
-1539
-33
-1468
941
-1551
1995
1097
1276
-529
1828
-315
-882
-498
1626
927
811
958
-48
-520
-610
-868
-1690
141
-744
1518
-1525
-450
-695
641
1147
-888
971
-1252
1390
-1675
-565
63
-1628
1010
-1199
67
-540
-1486
1744
-1598
1641
609
1733
-444
-70
-380
912
1934
-289
358
-129
-782
929
184
1131
1750
149
-257
635
119
742
1737
-1584
263
-433
104
-1177
895
-1656
-830
230
-421
-264
1722
1569
1890
-1194
239
-778
672
1964
1097
-1700
1547
-1594
-809
1943
-695
739
5
-1327
-1464
-952
1356
1338
642
-213
1285
1758
-796
-12
-1499
960
507
-338
-736
111
296
1440
860
523
-1296
592
-310
-335
-372
1026
1130
-1866
-401
-1106
-1376
-951
-1523
-346
-1411
-212
295
-272
-100
1875
-1701
1831
-1615
-345
-258
364
1559
287
-1438
776
1110
-378
1388
-1665
-800
768
500
1133
-1097
-133
-247
-412
-1261
747
701
-1058
-1699
-1548
1661
43
856
-1428
-526
9
1412
-1154
1897
1037
785
37
619
-741
1320
1731
1139
1094
-145
-1614
47
1734
78
-116
-271
-1196
-673
-891
-739
664
-691
-471
-873
1534
393
-81
974
1037
-1010
674
-587
-917
251
-334
-211
1470
-1147
-1193
512
-355
516
-131
331
1107
-396
-871
-89
1997
-1722
732
-525
-1291
-1162
1134
1823
544
-1710
-889
-1741
1125
-710
-424
1109
1340
-991
-511
107
1473
-702
291
-1118
660
-1605
586
-727
-422
-1078
1754
-1387
42
-478
143
596
-792
268
1096
-1551
-1211
1004
1177
1549
-795
-697
938
1006
352
573
1027
-281
-729
-621
627
-1795
1576
1049
-823
656
-996
-991
818
1958
813
-1289
-35
525
1318
-829
-168
1293
-1187
-507
1904
1177
-1489
-844
1290
578
1446
616
806
-422
1358
1914
1694
-463
-1865
666
-997
-1256
589
-1844
1686
259
1852
843
1387
33
-404
1880
536
-1193
-1083
705
-1503
-1752
462
-69
-434
1906
712
-1205
1154
-487
33
98
-927
1365
-109
-69
-778
664
-1515
1775
499
-476
727
991
843
377
-1365
-1369
-1561
804
483
1289
89
1315
-1570
1987
206
-1894
-906
-241
-1745
-1068
1045
929
-806
1743
1027
1880
1072
-1463
-1340
1744
-1143
636
853
578
660
755
407
-108
1340
-1506
-113
-972
1466
593
518
1288
537
340
-581
-1142
-1336
-185
630
-1680
1751
-1840
1487
-421
-579
545
1033
399
-1357
1161
191
-175
-533
-169
-1656
695
688
1497
-1759
-1406
260
1743
-559
-1034
1482
-957
162
-1394
14
-1242
1811
-349
406
-724
1998
-1304
-1862
1264
91
380
355
187
-51
1730
-520
524
1866
1432
-1211
-677
-705
298
-80
526
-850
-199
417
-702
-1244
-1264
1057
-434
1578
1559
-420
599
1265
1806
471
1993
-690
-1280
-619
1920
-1548
851
1120
1337
-18
-859
1097
-1653
1385
753
-634
-1478
-1759
1522
-1252
844
1457
-1350
-676
560
659
-1761
-15
913
-189
1632
-994
-1730
-1782
-1688
356
1745
-1642
-1596
1743
-355
1743
271
510
-150
-972
-1589
-160
1616
292
951
-898
-1590
969
-1127
1950
1383
-738
-605
-1467
92
4
464
-1757
-651
1123
-1380
-48
-761
-96
-1699
-1506
-874
-1797
1037
810
1710
1330
83
1031
-1534
721
-237
1073
-79
1788
-1081
1148
-250
-1329
741
408
848
978
-1791
1702
1498
-430
-1393
1610
506
966
-1588
-993
459
-1560
-758
234
101
1512
1094
583
333
17
1298
-1327
1935
66
651
275
-82
863
-454
-963
-1884
-345
900
407
1964
1295
946
1908
508
-173
-846
-121
-764
-1898
1588
-1749
864
1857
-749
-1394
-81
-1249
668
-1835
1504
-251
561
-1370
-883
1719
379
1204
1629
-870
-1403
-827
-1328
-649
1021
463
1879
305
1199
-1243
-484
1356
1305
-565
-1706
1648
-1568
-226
191
1130
629
-1449
-1155
394
1474
-734
1411
-100
24
-211
1440
770
392
-1479
887
747
-409
503
1010
569
1415
-1012
1138
1483
-376
528
-482
1594
1853
-1634
-1409
1809
1515
1973
17
990
869
472
602
941
-831
-937
-662
-539
696
-394
-654
1124
-1212
-1900
-1232
-376
241
422
989
-814
-1387
-1258
1178
-1102
802
-932
417
1652
580
-796
1289
1604
1100
-1277
-1338
766
-1386
1564
1548
-722
-886
1762
207
-1654
-324
-1033
1273
-771
-365
305
-1607
150
1702
1224
-314
-1247
-1310
-929
544
1901
853
822
-1722
-1331
-280
522
-1002
-1594
1988
-625
-1807
-1784
-262
-921
-1841
-208
1965
-1064
-665
430
846
-1202
1146
573
-827
1945
507
-462
-193
317
-896
-27
1481
-1558
805
561
-1295
-395
-1231
201
1141
-165
-1732
-1136
1333
-931
-445
-1790
-1255
1027
-330
1611
531
1623
1476
-657
815
-676
1379
1528
1126
-1146
-1026
-1445
-437
1076
-1859
731
-448
-409
1552
-1109
-1473
-1559
1815
140
1938
1634
1275
-583
-119
-1038
635
-1221
816
-1121
1614
1893
64
-586
-592
653
501
-339
-515
1153
1809
-568
-11
-759
1454
1511
1459
807
-90
1249
-654
1325
-1664
1600
1470
1262
823
493
639
1417
-249
-893
1099
469
476
1053
-158
1102
576
-700
-76
-1113
-1774
-42
-1210
-415
-1551
522
437
-1819
-147
806
975
417
785
-658
-1462
1045
-107
1858
1180
-735
-1261
171
992
-168
-1119
617
396
640
917
101
884
146
675
561
1968
1862
-261
982
-913
889
252
903
1769
293
-1194
-1894
900
265
719
1718
-1418
-874
1823
-1114
-343
122
-1364
-1341
661
-1592
-1690
-785
1128
-84
1039
-793
658
-1707
1058
1968
-106
-171
-951
406
207
545
393
1523
667
1770
1937
1509
1253
13
-1303
890
-163
-39
1111
1124
1092
-1196
-739
1158
966
174
-21
87
373
691
1948
412
-654
836
1416
-1174
1106
-396
-1108
1991
1856
-1687
1440
1585
774
-145
1154
-1473
143
-183
1771
1210
763
-527
-272
-1195
778
-481
1357
144
163
81
-1215
-901
-1729
1551
1773
517
-1142
-1132
-1143
-1809
776
-800
-1391
1412
916
-1433
-1780
718
-1865
1536
-1521
-1424
-1674
-1241
1902
-1675
1328
-862
-450
1912
-220
-27
1968
1256
1879
-214
1046
1771
621
681
-1566
-1564
-1194
-816
-1677
-169
-1554
-1467
1711
-310
-1195
1876
-71
160
1941
637
1341
-822
-312
-165
-457
-1334
591
-868
897
1269
-243
1726
-1887
1960
1503
-1238
1194
-1585
-201
1997
1681
1994
1013
-511
45
1619
-173
721
340
-1451
1961
-96
335
-1592
917
-512
-358
-292
-1481
1586
1886
-1520
-1267
678
-211
475
1794
-780
1922
-1516
750
669
1692
-409
-1474
-376
1955
940
1086
1456
576
-984
1035
460
632
605
57
1445
816
872
-710
411
1779
-1595
436
-1443
827
-464
1956
506
-931
666
-407
691
617
771
-507
388
-740
1645
870
-77
-751
-391
81
-47
289
1143
410
-656
1720
1567
-1355
-1237
1966
-1413
768
283
-1440
1051
-1476
1945
1142
1288
-93
1494
-930
1789
-397
992
-1362
1273
1416
-186
1289
1923
-1728
-1425
1265
-1597
-779
435
1170
191
-968
108
-677
98
613
-1556
-1682
1274
626
1989
-790
1468
1808
-1744
-1444
-1688
1911
-988
645
-966
-1664
-1438
345
1644
-1424
1908
-1307
-417
-1625
822
1006
1683
519
57
464
1871
703
1500
-223
-269
1628
238
1200
1787
-1084
970
-1223
836
-545
1648
397
1880
477
687
298
-685
-1499
961
1675
1907
773
-1735
871
1603
1605
-1789
-741
1615
-1751
-1587
-569
159
-275
483
-1898
-302
-1480
-1065
-1885
-553
-1449
1037
-402
-652
1852
1683
1461
1918
804
446
-1707
-1016
-329
-1658
-940
-782
-16
241
1756
-1239
-1688
1223
483
-43
318
614
630
516
-6
1386
-427
-811
-407
-547
-564
-1206
1309
-1273
608
1937
-687
1236
52
-232
61
-25
-1646
-1002
-311
1577
10
506
455
-1709
995
475
488
1536
-1464
-1726
1750
1718
128
-550
-1105
-1345
1078
1486
1821
1842
-1740
608
0
-1867
1600
-926
1600
-1891
-1201
-1486
-896
1443
-1109
1892
1373
601
611
-1783
1119
-414
-1445
1326
-379
95
-1804
1820
1978
440
-1373
-1221
-902
-1618
-262
-305
750
1958
-271
732
-1619
-563
-937
-496
1070
-627
738
-1433
-1374
-571
1110
-1165
-1560
1407
1625
-108
-1015
-1840
-1624
1111
-302
687
-1235
1927
1862
1837
-556
875
1121
1722
-321
-1701
1428
-184
-1651
1796
1555
-92
1234
-360
1866
-1526
261
752
1266
1631
-1613
-816
1036
1913
-1844
-1560
-854
1449
-192
744
-1061
165
-1196
606
-935
280
-1026
276
-1814
1704
950
1087
-1432
341
-1189
1229
861
-923
-795
-714
-514
498
663
-822
841
1501
-1350
150
-1011
-125
-604
-1605
566
1877
-1773
1519
169
948
37
1835
664
1121
1681
1665
-821
1883
1723
-450
675
-643
-1663
1324
1537
898
-90
827
269
-1665
-23
1958
1411
1214
-1840
-371
-1654
1910
-1201
-331
-820
905
-1173
1275
-1083
-1104
1653
538
-884
-895
-1193
879
1829
-1318
1284
-1873
-1
-1644
-1334
1194
145
1140
1904
1062
-950
-1223
-492
1820
560
1804
-1421
-835
-780
1763
464
1180
-1342
-1413
1003
625
-521
873
-65
-544
1683
970
1774
641
-1222
1991
1739
1196
-1337
1365
1965
-794
-1328
-1581
1656
778
454
1728
1828
-941
-405
-651
-671
684
-292
-637
-28
1087
1929
1450
1173
1641
1204
815
950
-1026
523
931
-1704
-79
114
1441
-369
-668
1762
1142
-440
536
-1743
1249
-736
-256
-1488
-1617
517
1898
1291
165
622
-1283
534
-758
-71
-1367
-1419
-271
-1801
664
-481
-982
-1875
200
-672
592
207
1040
-184
1720
1340
-283
-838
1315
-475
-191
-513
73
431
-772
1456
662
1516
666
1050
1615
973
1495
-67
-535
-1702
41
-1107
-1461
-1667
-753
1418
656
923
-1309
-729
1693
802
484
453
244
1162
-408
583
1465
1321
553
-878
1388
-664
-807
1525
-659
1260
-1315
-703
234
148
544
1032
721
-768
1479
-1434
-1686
481
1182
1920
-1714
1715
-306
884
1361
540
-852
-1253
1790
1838
1441
-1442
-187
814
-642
-1360
-1073
-1476
-1465
-150
-853
556
471
1504
84
-408
1532
-1358
-597
345
-777
-1890
1206
-495
1511
1914
-1153
-1550
1745
71
-935
1135
-1371
665
301
-212
1099
854
-1759
1387
-1838
1469
461
-598
-1201
680
-556
1382
1487
124
-11
-1578
1577
-1450
-1068
-1076
456
-782
1885
-49
-520
705
-1508
-84
858
-568
323
1007
468
1508
-1243
1908
326
1808
-1701
-542
-810
-926
1893
-1518
1685
-676
-759
484
1499
1519
95
-319
-359
1560
-1802
39
1029
51
-1457
-1296
-1311
-998
-1442
806
-1794
-1435
1545
-1733
860
314
1147
1935
-119
-1731
-1686
1066
1779
787
-1552
449
724
-596
1025
-1119
-391
-1135
-923
-587
1514
387
1222
957
-776
-634
438
-464
-606
-875
-942
136
-1241
-509
-786
496
1944
1673
173
1835
-1432
806
1933
-1078
-1451
-220
-746
1964
1167
1149
1570
-1059
-641
1442
-1053
1369
-1011
1718
-1374
1248
449
13
-88
-38
-1190
172
1800
-1639
985
-517
345
-1473
-1532
114
-469
-1713
1710
1317
-1516
-1763
1838
-1283
316
-1258
-1194
-476
1823
-403
524
-560
-1638
640
-472
1864
-522
-1011
-727
1059
1747
376
-623
1479
1986
617
-1670
-1436
1373
1103
-526
322
1271
1197
1357
-585
-958
-195
-612
-796
254
1856
-1786
1850
-1676
-1827
1426
172
-694
-453
256
-456
-574
332
68
477
1857
329
918
1620
-1215
-463
2
-39
57
1339
376
-1094
-1132
-995
-1894
645
354
-1873
1430
-1437
119
675
770
1906
1622
305
712
-129
-1313
492
-1503
1870
-1867
-146
91
-1805
1694
1519
-1798
1484
1032
940
991
30
-399
-154
1871
1703
116
-1373
1987
1797
-778
786
293
1586
756
681
-634
-1495
1071
-752
1546
-1853
1783
322
-688
-1450
-1855
190
-1011
-454
796
-623
1833
765
-1845
-1289
-704
-579
-133
221
-1140
745
1096
-930
-28
1045
-978
1681
-648
1478
878
-1335
1419
1002
471
356
1342
-604
1147
1345
1039
669
1509
-1407
-1382
1634
1556
-400
60
-1002
234
-1721
-22
24
-924
534
976
1192
1610
-502
1308
-1706
1174
-770
40
1313
-698
951
-901
-1361
-1497
-922
-27
78
-369
-937
-1704
-396
-1503
-885
-1149
-5
-240
-1467
708
740
-1110
-764
-1120
428
988
-600
1254
1195
-1115
1875
329
322
-1454
940
-1399
-1105
-955
-1316
1435
687
-842
-1766
-1878
-1737
499
-1716
990
-1656
-1779
1947
-1835
-1562
-849
1169
-1479
1420
-1123
-1288
380
-844
121
-742
-1542
-1663
1204
1222
-1900
-1829
-570
1557
-1639
1956
-822
1692
-736
1624
20
-1742
416
-1643
1900
1906
1455
-1142
554
-651
1198
-161
460
-464
940
209
1554
1626
1134
-499
1793
895
-1059
-382
1775
848
-1726
1818
696
369
1959
-553
1801
-1831
509
-701
1535
1910
-1843
-1215
-889
196
1719
-1622
-503
818
1782
-1852
-10
371
-1618
558
773
493
-1618
-1821
-1422
-1036
548
50
1218
-688
-878
322
-186
268
-1209
-922
-1487
-1219
1558
1536
1962
854
-168
1113
1444
10
1080
-1354
-1790
1722
1607
576
78
-1317
559
-1720
-939
-1712
1158
1748
1861
1105
-581
1498
724
1833
1460
-986
303
1049
-908
618
-616
-1048
1514
-874
973
-549
1751
1426
-885
1323
943
208
-1799
291
1448
723
-1117
1989
-110
-489
1931
325
833
1375
146
1459
-1753
711
937
668
405
1967
316
1462
-14
-1190
-368
-1709
1376
-123
567
-325
-1596
-854
877
-1282
1364
2
523
622
1828
1790
1088
-1673
1560
1899
-825
33
-167
-1290
-872
1827
-1049
195
-121
-1541
-773
1866
-640
144
277
-1686
1361
-1092
1622
-1837
-1237
-704
-1191
-948
569
570
1841
1126
1829
915
-763
-1900
-1812
193
1391
1813
578
-1830
536
81
-1889
627
277
-1885
564
-360
1369
665
136
643
850
-142
-1320
1002
1488
-1327
1250
-1872
1321
-889
882
-1431
656
465
-211
862
-447
-971
-1276
437
101
1505
1967
164
932
-1851
-1750
-521
1848
1914
478
539
73
-1609
284
-1169
-798
307
662
-1367
-438
-1707
1164
1958
247
1678
-471
-1389
-1501
-363
-1620
670
-1263
740
-1526
330
271
319
-1720
1532
-1710
-542
-642
-1180
1950
-282
1989
1511
-50
784
-1503
1344
806
-1836
-166
-399
-1010
-204
-1569
-393
408
-812
855
-1176
-1074
-1106
909
939
882
1809
1299
-368
-171
1385
1539
-364
-1835
-1281
1120
1695
-1793
1797
-552
689
-1876
1671
1046
-73
1798
1895
-1497
1392
-127
246
-858
-1040
436
818
1599
542
-1643
-382
1155
681
1177
1218
438
-1588
-1831
1207
-1420
-836
-320
-1554
-320
558
-808
1703
39
-625
-1454
-1697
-1637
-510
462
-815
-237
981
-1446
300
1717
-945
217
-927
495
-879
1590
-348
690
1818
-1034
163
1225
-383
-1207
1898
558
-1363
-1079
1685
-1759
717
1878
1487
1127
-1633
1426
-1498
1630
1608
-764
-852
1950
1868
-1603
848
1634
-165
898
-1447
721
127
806
903
1594
-992
1761
182
-1656
-840
-1633
1907
1785
1017
1689
-1688
1164
-615
-941
1689
1143
-1547
-384
-1072
408
-1300
220
-107
793
-1300
1049
1312
1693
-1035
-751
-1028
790
999
61
-1463
-608
1078
1389
303
1401
1692
547
-134
-526
307
1148
1678
51
515
-976
-1741
-1689
1955
-846
1858
-1577
-442
-381
-396
-1724
-520
-1848
426
-85
1797
-193
-260
810
-1507
1181
-1242
-324
-202
620
865
994
-1628
-1761
504
-1044
1809
-1048
-306
1749
-233
1800
-662
-564
1163
106
-678
598
1249
-372
-894
1761
1310
1518
1723
-704
-1259
-1771
19
1626
362
-95
1414
-42
144
1557
812
1942
-40
1359
-915
518
-1897
-1431
1980
1258
233
-1516
-149
1592
-319
230
740
-1152
1382
53
1186
776
651
970
-644
33
-43
-1870
-1182
847
-704
-897
-592
-810
1959
1253
-155
1379
1751
-1524
-1193
-1682
-1353
1366
-118
-143
-954
1903
-805
1592
-1887
-1833
701
-1512
46
1273
-1778
-1547
-875
1480
577
-779
201
1079
724
-550
1454
-1267
-32
476
-1824
-223
-1170
1837
-384
1483
-1148
-1062
1977
1038
-1759
600
275
635
-1337
-1884
1735
-214
195
140
-1852
1309
-1371
-638
-1242
-1741
-803
-1605
-1655
635
1829
-208
9
1481
-59
1240
-1798
-1472
1407
109
129
-237
-618
-284
-638
-252
429
-162
1909
654
392
-1418
-605
-1101
-595
-34
-282
732
-495
331
1219
807
62
1816
1266
-168
-1572
-1437
-377
-800
928
1794
1643
1296
360
1049
1837
-292
-744
505
1959
-576
-789
-1137
1182
-749
1920
871
1968
1976
-548
1224
1564
1917
-1667
-814
-1421
-1340
-938
1522
1649
97
1007
-697
-1270
1582
241
-496
1625
-535
-1825
-58
1266
666
306
-1457
-994
1979
1248
1779
-1537
-1428
393
428
518
438
-133
44
-581
1665
1820
1725
-38
-282
-1177
566
-727
-1208
224
1919
-992
462
-187
-627
-258
-106
468
1646
1198
926
1840
-323
634
1997
952
1391
-638
-824
-511
725
-646
-1733
-278
1125
48
-951
-986
-308
1546
591
-68
1174
463
1553
-1681
815
724
-1283
1408
-271
-810
1053
1608
-1801
382
-1779
477
-1143
-209
-373
-302
37
-1760
138
-871
-142
233
-22
-805
866
398
-319
-1203
1792
-1837
1925
526
-349
-795
-1542
39
340
1938
-62
847
-1557
92
1317
425
-1333
888
459
1113
-920
1976
-1370
43
560
-724
-16
-750
-637
-1277
-1348
978
1080
1336
-996
-784
626
299
-1633
-1761
-424
-769
-1121
1231
1173
1636
-67
982
-211
1127
-32
-1436
222
480
-352
-786
-110
463
810
291
1957
-448
-1507
-543
-763
1477
703
-1101
-531
-1504
-1461
1120
-1336
-318
-269
-15
1004
-1403
-451
372
1854
1631
307
477
796
-141
1384
-916
-352
145
1120
1173
1101
-1844
-173
-900
-856
-1792
213
-671
-673
1673
431
963
1431
-1644
636
-438
364
-1826
601
-1180
1131
143
1031
1880
34
517
-1164
1516
-967
210
-836
-864
-185
1361
1812
1153
763
-544
-980
-382
1880
824
1298
456
262
-1252
205
-1447
784
-567
-1587
-1112
945
-12
1983
382
-599
-1151
-1657
1199
-1361
-250
1638
1906
-1852
322
1630
1318
792
1840
-1577
-1213
-1247
-854
45
455
-363
1474
547
-1035
-948
918
131
1015
-1309
1739
-1231
1273
1557
1837
1622
1638
131
-1879
-1716
618
832
21
-104
-651
1548
53
245
-788
-1693
-119
-642
836
-1189
-889
1791
1041
-1407
1230
-1222
-1137
1787
766
1618
880
1515
1825
-895
-1555
-1177
593
883
965
1800
-1482
-1101
808
1555
-665
978
144
-1188
-1866
-1072
-1654
1766
185
-1566
-1799
686
1813
-1857
790
1113
-115
-139
-1600
-473
1742
1667
1146
-1226
-1025
-905
1916
-1224
-582
406
1702
288
-1015
-207
1133
-1881
-1172
384
-1319
1642
433
305
-819
-1504
-1539
478
499
-1399
-1044
-111
-438
-1115
-919
-1503
202
1954
1901
-443
1466
806
-1533
-729
810
540
-1337
498
-1394
-1604
1806
-19
-972
-1777
-578
-330
294
1869
-496
-1489
-1620
997
559
152
1375
1885
1721
-1267
1568
-1879
-267
-1554
-969
744
383
-970
1079
-1392
-1844
170
1594
1788
220
-778
1863
713
-1650
1563
1590
-809
-377
-1687
-517
1684
1845
-1342
42
1139
1729
-1000
-648
-484
1181
-137
381
125
-884
-1030
651
523
1451
49
556
-702
412
390
1243
1919
1382
1101
1009
-828
1446
-600
-1145
216
-583
-1211
-1523
1113
-290
127
-699
1236
-326
1430
-762
-1657
1579
-1327
-448
-116
519
1473
-470
-1389
1935
154
1636
-97
-1767
-1814
-1224
-456
-401
-198
182
-1582
1089
-532
-1213
-1422
-1111
-1060
-1052
-1008
1360
-1525
-1253
923
901
-1724
347
243
-1428
1648
-972
-131
-1049
-762
979
252
1503
-583
685
-1359
-891
-1302
-1558
1659
705
1458
1010
1477
67
-1603
-1149
1722
-1402
1625
-1461
-1202
1819
1490
1176
1099
1733
1625
-143
235
1354
306
655
170
-1547
-477
1839
1773
-988
780
907
-1142
-649
-679
1716
-1707
-98
-974
-1310
1530
587
-1519
49
-1336
-1464
-1433
1360
-1048
1378
-414
-966
772
1927
-779
1514
-1470
331
-1815
181
443
1788
-1763
-213
26
-812
319
-1651
-1729
-167
770
-162
1523
-196
473
-1035
1742
-663
-507
-1889
800
912
-470
1972
-1617
1734
-1316
1318
-388
-1681
716
1775
-1829
1218
313
983
-1624
-1561
-1627
767
938
1439
1616
-627
658
1427
-477
-441
-1483
-891
-819
290
69
1622
-177
-958
800
677
1690
818
-4
-795
1909
-1030
-702
247
1001
-370
-505
-379
-717
1415
383
302
52
1611
335
710
832
-1007
1615
1662
-1141
1557
113
-1742
729
-1831
1952
1833
693
-1763
-722
-308
672
80
926
-1129
553
91
-1347
803
880
213
-1752
1133
1859
1893
-1741
544
1112
-1884
-372
1642
-257
-446
-1234
-1706
1911
-1445
1549
44
691
1987
-248
-1090
-1229
1811
-168
483
-1838
185
1122
-772
472
247
626
1409
-69
919
-1010
-1815
1530
-1880
245
820
604
513
-104
693
-668
1788
336
-1760
-587
-839
436
1219
-982
-188
-469
1755
550
-1615
1004
213
1929
146
1950
1074
-1860
-1010
-297
-1548
1390
-566
-1692
-380
1843
-1863
1435
-568
67
1149
484
-556
-1680
-238
-265
1208
-111
709
310
1549
-603
-1655
594
202
-623
114
176
-1815
-62
-1204
1890
484
-1150
1245
509
1962
1046
-160
-150
992
-1046
754
-1599
-1864
323
-732
63
1138
-1356
865
221
-640
-785
-1670
-1594
-1200
-62
-113
-186
-577
1022
-613
1820
1342
-641
-1210
951
-532
386
222
1102
-1018
1454
278
467
1544
366
-1326
-216
1056
-958
-1200
1760
-224
1794
713
811
-662
-1728
-1207
-1616
-1110
1027
-304
-977
1956
1835
1000
-1421
1815
-1704
-758
554
107
-1536
-1826
1507
897
1492
665
97
-1209
321
-1442
-59
-643
-380
-1476
1698
861
-1408
1402
1469
-1098
328
917
-362
-1128
1396
-563
1663
-1569
-393
1340
749
-916
1955
1802
1175
-400
1578
-453
-1538
1245
-1005
465
-1233
-1260
-511
-985
930
-576
1863
-231
379
-1380
10
1245
119
-1598
-759
1844
-272
-1212
-1543
-565
1772
-1098
1253
-992
1224
-454
-567
334
-838
-1885
96
-950
1411
-926
-759
-1779
602
-351
-1325
-1756
-369
-821
-1214
1156
-1243
-1471
302
789
-562
899
-1056
281
-686996
15
-11
-25
5
-1
9
-18
-4
-14
18
27
-3
-18
-8
3
15
-13
14
13
7
1
15
0
-13
-3
-17
20
-23
-10
-5
-1
-8
19
-13
-2
11
-11
-12
-7
-26
-27
-2
-6
-7
-24
-1
-12
14
14
-25
-26
-25
10
27
21
5
2
17
0
-14
-30
-23
-27
8
9
10
-9
26
7
19
-17
-7
-11
-26
11
4
-3
10
2
-14
8
-17
21
-28
3
12
14
-16
22
-14
23
2
6
-17
3
21
-24
-19
-28
10
3
25
-10
21
-30
1
19
20
-1
0
25
-3
23
-23
-13
-26
4
-2
-20
-3
8
23
16
-23
2
-23
11
3
23
-24
-21
17
4
-18
19
-10
13
7
12
-27
-25
0
22
14
-19
-12
12
-11
13
21
-23
18
16
-12
-13
1
-11
-13
7
13
-7
-8
20
6
-3
-2
20
19
-22
12
-23
-2
10
-9
-16
23
-28
26
10
-28
8
-12
-26
23
10
2
16
25
-25
-10
-18
20
22
-28
-14
5
10
-3
-30
11
10
-14
7
17
25
5
-17
-27
3
18
-12
-10
20
4
-21
-21
7
24
-16
19
0
9
14
-19
-18
4
-5
7
-3
-24
15
8
14
-13
13
-14
19
24
-9
6
-10
27
-26
-21
5
25
-13
-27
25
-24
-1
21
11
25
-20
9
0
0
-27
6
-23
2
2
12
23
1
-6
21
11
24
8
-17
-15
-2
6
5
27
-11
20
20
-6
-18
10
2
-25
-21
-30
11
-19
3
-30
-9
-22
22
-12
5
10
21
20
-25
7
-5
-18
-11
6
-25
22
19
2
-19
25
11
-10
-10
26
-29
-23
24
6
-2
23
13
16
5
8
8
18
-12
-11
-8
-14
13
-22
18
-8
3
24
4
16
2
24
-17
-29
9
-7
25
-29
2
12
-25
-1
2
4
0
-12
-19
7
20
-4
19
-26
17
20
-2
-2
-9
-20
-15
-3
-30
-25
15
19
11
19
-27
-11
18
11
11
-19
17
2
-3
-19
15
25
-11
15
14
4
-11
-27
14
-3
-2
-15
-26
-13
5
5
-20
-25
2
4
22
23
-14
12
-13
-7
23
21
-23
-15
-6
20
-24
22
7
-23
-12
7
23
23
16
14
-16
10
-4
-15
23
15
-9
-25
19
22
-3
14
-2
-8
14
7
8
16
-5
-15
12
14
-5
-6
27
-19
8
-20
-7
8
-25
-9
-17
-22
-24
2
25
-6
4
1
1
15
19
-17
-16
18
21
12
-25
18
2
-6
-17
20
22
-21
-24
-13
23
-12
-4
10
2
-5
-30
-8
-19
27
-13
25
-4
12
-1
-10
14
-9
-21
-19
-29
4
-8
-6
8
-13
22
-24
5
-13
15
-14
17
12
-28
18
5
-23
13
-20
0
4
16
-23
21
-4
11
9
-17
-18
17
0
10
4
-18
27
9
8
-9
17
-22
10
-8
17
-20
-14
8
20
-14
-11
-19
13
4
-10
7
-2
-1
21
25
17
24
23
-11
22
-5
-20
5
21
-19
6
-11
-21
14
-27
4
9
-10
-2
-10
-22
11
-30
6
15
22
10
17
-26
13
-6
-8
12
-25
-21
-2
-16
24
-1
7
-26
-15
21
6
13
-27
8
-28
20
-4
-12
9
12
7
9
-27
-24
6
1
25
9
2
-23
-28
26
8
-11
17
3
-18
-4
1
5
-12
26
-7
22
19
-23
7
-17
-23
8
-19
19
-24
14
0
20
-28
8
10
27
18
17
11
25
4
5
22
-26
6
-14
1
11
-24
-10
-15
27
-2
-11
-17
-26
10
19
-6
-20
-24
-15
2
6
-22
2
7
1
1
15
-14
24
-15
13
-8
7
-14
-24
13
27
-7
3
15
-25
25
16
26
23
-11
-3
4
-9
-20
5
-5
23
22
3
1
16
-22
-2
-8
7
22
-24
-30
-27
-3
4
-16
20
13
6
-29
-15
24
12
-17
-3
-17
7
4
-2
-24
26
5
-11
-15
1
16
1
2
-14
-26
16
18
-1
-6
-20
10
23
16
21
22
-30
3
-1
-1
1
12
-21
22
2
26
18
18
17
-24
14
-7
26
8
-28
1
-26
9
26
-30
-9
22
16
12
17
13
-25
13
-30
-2
19
-14
-20
27
14
5
-22
15
12
27
-11
-28
5
-14
-17
-27
26
-30
-4
6
-11
16
-8
-12
18
-13
-22
0
-10
18
7
2
-4
10
8
-22
4
-21
-21
-30
-25
14
1
12
-30
25
25
-9
19
-13
-18
-15
9
22
0
-4
-25
-20
9
4
-7
0
27
18
-25
-6
1
27
-19
-20
23
-15
-29
14
3
7
-20
21
-5
4
4
16
27
5
21
-18
-7
24
-2
-7
-28
17
22
-25
-8
-23
-27
4
10
15
23
-18
12
-19
21
-8
24
-25
-16
22
3
22
-30
-27
-21
1
16
25
-1
-26
16
1
23
-27
-4
26
7
-30
-7
-1
20
-19
-16
7
12
18
2
-16
-17
9
8
-25
9
20
-5
-1
-20
12
10
26
-1
20
-3
-30
-6
12
-28
21
25
-18
-9
-23
24
-21
15
-9
-29
3
26
-11
16
22
27
4
21
26
19
-4
-29
-5
13
-5
-6
-22
25
22
-3
-22
-27
19
17
4
-20
-24
6
12
-30
4
26
-16
12
16
19
13
-13
-29
-27
-19
-17
-2
20
-21
-14
26
21
-12
-5
-17
-27
2
5
11
8
-22
17
-21
1
21
-16
17
-14
21
-4
-7
25
-21
6
-29
21
-8
20
0
-27
17
12
-9
2
-13
-21
14
27
-24
21
-26
26
-5
-7
-20
21
-5
-11
16
-27
9
11
4
16
19
-2
-2
-25
-26
4
13
-16
17
13
-27
3
5
-12
11
9
20
-2
-8
24
-9
0
5
-29
-14
11
-18
24
-1
16
-12
22
-5
7
-23
-8
-7
8
10
21
2
-1
-25
17
7
17
-14
-12
-13
-13
9
2
26
13
-21
-7
-17
-27
12
21
22
-24
12
4
-13
-23
24
-5
-28
15
-13
1
13
-8
23
-19
0
24
-27
17
-9
-8
5
8
-16
7
10
-14
12
23
11
-19
24
27
-9
-1
-9
0
-12
-22
-7
21
-19
5
-22
26
15
9
-13
1
-3
12
10
12
-24
11
22
15
19
-16
-21
-12
-13
4
8
-1
22
11
13
-29
-7
-15
18
9
-20
-6
22
-16
-20
22
21
-20
-16
-25
11
27
-10
0
6
-23
19
-21
11
-9
-13
-29
15
22
20
27
15
19
5
-4
-12
20
24
25
-20
24
-18
25
-5
-6
-24
-14
16
-15
22
-26
0
-8
24
11
8
-26
-14
3
-14
16
4
18
-21
9
-3
3
-4
-5
22
-6
-4
-4
25
-28
-26
18
14
20
2
-9
-4
25
23
-30
24
-7
-24
27
27
-12
-21
-15
-7
0
13
24
14
27
-10
16
3
14
7
23
6
-22
15
26
10
9
-14
4
-12
-15
-13
-21
3
-4
17
2
-12
-28
11
-17
19
23
15
-8
-7
24
-27
-16
-6
8
-29
24
-16
14
9
-1
17
26
8
25
-27
5
26
6
16
-2
-9
-3
-26
-21
6
8
-29
1
1
14
3
-14
-19
-16
1
5
18
-30
4
-18
13
-13
-2
-5
-1
-7
-26
6
-13
15
12
-29
18
-30
-26
24
21
-20
-20
-23
0
11
16
-9
-3
17
-17
26
-8
11
13
12
8
-30
-22
-20
20
-11
-28
20
-29
11
-13
27
21
12
-9
12
-22
22
-7
6
10
-12
23
-9
-22
-6
-23
-15
-12
-23
-5
-17
18
-29
-24
-16
-20
15
25
-30
10
2
5
-5
4
-21
3
0
25
-7
-4
-10
11
0
22
7
20
-17
23
-30
8
-2
-20
10
20
-1
-10
3
-12
-23
-17
0
15
1
-4
-27
3
4
11
21
-13
4
-19
14
14
-17
23
-21
10
-16
24
25
13
8
-21
10
27
-9
-17
20
-6
-16
-1
5
16
-16
-9
-25
3
-13
12
-26
0
24
17
-3
-22
-9
13
20
4
17
8
-26
3
10
-7
22
-28
-27
-9
5
1
-9
8
-16
3
1
10
-26
13
3
17
-11
23
-14
2
-13
0
1
5
-20
15
-16
19
-14
10
19
-9
22
4
17
22
26
1
0
-19
-12
17
21
11
27
22
6
-29
-5
3
20
-10
16
-29
-25
-17
15
-22
1
25
-27
21
-26
23
15
21
-16
27
23
15
9
-22
16
9
12
10
-26
-2
5
-3
19
14
-9
23
26
11
-12
-2
7
-29
3
16
-21
12
1
13
20
-22
-12
6
-16
16
-18
20
-16
14
-29
22
19
-14
17
23
9
-19
-25
-2
15
12
27
6
24
-1
0
19
-24
11
0
-11
-28
22
6
-26
10
-7
-1
27
13
14
22
-11
26
8
10
-23
-23
12
16
-23
-20
11
-16
6
17
-11
-7
10
7
-21
-24
0
15
5
-25
20
-12
-22
-22
-9
-23
0
24
12
-23
-30
-21
-7
9
3
11
19
-23
27
-13
14
-7
-9
-4
27
24
26
17
-27
5
-8
21
21
14
-7
1
-19
5
14
-25
27
-13
26
-25
3
24
-28
-11
7
0
20
-11
0
18
-24
-19
-20
-30
-5
-13
-22
-24
7
-24
3
-16
19
22
-30
-6
-4
-8
-29
19
-5
16
-12
-25
-10
12
-30
24
0
-27
10
-5
16
-4
27
13
13
-10
26
4
10
14
6
13
13
3
14
-23
3
13
3
-1
15
21
-2
-28
6
-10
-4
7
-9
11
-21
24
16
-22
-21
-4
11
-4
-10
-3
-4
22
-28
-29
-25
1
0
-16
-30
9
5
23
-6
12
-18
-19
-19
-30
-17
-15
2
-1
22
10
3
17
8
10
-30
27
-23
14
-27
23
16
20
-15
-8
22
-5
-21
16
26
-9
8
-9
-15
-6
13
-10
-20
-7
0
-19
-25
2
-26
21
-20
2
-6
-28
1
-27
24
18
-20
14
-5
-2
15
-27
13
24
7
-16
6
6
-25
2
-29
24
-4
21
-25
27
20
-7
-22
-23
9
-25
4
16
-12
7
20
1
25
-9
11
-4
-12
17
3
8
-19
23
-20
4
24
15
-28
15
-28
-25
-29
17
19
-13
-14
22
27
-5
5
-22
7
-3
-10
-29
13
27
-21
-6
8
-29
27
2
-16
-12
21
-21
5
8
24
9
18
-19
9
26
18
-23
10
-29
-28
16
10
-28
1
-22
2
27
11
-23
-11
12
0
0
-20
20
-16
22
-26
10
-18
17
11
2
-19
26
-7
11
10
-5
16
-9
-5
-17
-30
19
-27
1
6
2
15
3
-26
21
21
-21
16
10
-15
2
-22
2
17
23
-12
12
22
-20
13
13
8
26
-7
-7
-17
-27
-2
15
-2
23
-27
-14
-17
4
-1
-30
8
3
19
12
-17
-27
20
2
11
-29
8
14
-29
20
10
-7
-25
13
13
-2
0
10
3
-15
21
-4
-15
8
-6
-30
6
25
-17
23
-17
1
10
-27
22
4
-5
17
13
23
7
-21
-27
14
-12
21
-24
22
11
8
22
0
-16
5
25
21
4
20
-20
-12
-22
-3
-10
11
-22
16
-14
-21
14
18
-9
-9
-4
0
26
25
-30
17
-6
4
11
-16
27
23
18
-6
-26
3
13
-15
-20
-15
23
-19
-5
-21
13
27
-6
25
-7
13
21
20
-25
22
14
-27
-3
-18
-13
1
-25
-29
18
6
-18
14
-1
3
18
-11
-10
-2
11
10
21
-24
8
27
-8
4
-29
17
-29
3
16
27
18
2
21
15
-6
-30
-5
-4
-15
1
13
24
14
-3
-24
-10
-16
8
9
-27
-23
-7
21
-5
2
-2
11
-10
26
15
12
10
-18
-6
-1
-26
-8
-30
-9
7
-14
10
12
-30
10
-12
-10
-8
-11
-1
-27
18
-7
24
24
-16
8
-10
5
9
6
-30
8
18
-17
5
5
-15
-29
26
12
-18
-6
2
4
10
12
3
19
24
-20
-29
-20
-22
0
0
2
2
27
0
-6
6
-2
-22
22
16
-3
17
7
20
14
-12
24
1
-26
20
-6
26
-1
13
0
-26
-30
-18
0
12
5
27
-1
18
-28
-13
-24
2
-21
5
-14
-29
18
-1
-21
3
21
-29
12
18
-19
-22
11
4
19
14
8
-1
-30
7
-21
3
2
12
7
14
-16
-8
4
21
12
-4
25
15
0
19
-3
-6
7
-4
20
-22
-18
19
4
27
19
-14
-10
-19
-19
-4
-21
11
-25
-22
15
8
-21
-24
26
10
4
-7
1
10
-23
11
3
-5
-4
27
12
-28
7
18
13
9
20
26
-23
-13
-10
-28
-22
21
8
10
-7
20
20
18
-2
27
23
-20
22
-13
15
-30
26
14
16
-3
-18
-14
-20
-22
16
-13
4
-9
25
-23
6
22
-19
25
-26
1
-7
-19
14
22
-20
-2
-1
9
-24
-10
4
2
-11
-5
19
-6
-4
-1
-17
23
-10
-15
0
-25
5
23
6
-27
24
4
-1
-5
-6
0
17
0
-28
3
20
14
-19
-15
3
-16
11
-14
15
-3
-21
24
-11
-1
4
-12
-17
-16
-26
3
16
2
16
-10
-26
14
4
2
13
13
17
-9
21
11
26
-14
-4
3
-26
-12
-17
-19
16
24
-6
26
-5
-11
26
-24
0
-13
-21
-15
-12
14
6
2
3
-25
13
-22
0
2
10
13
-23
13
0
1
8
-23
7
3
17
-25
19
16
-10
8
-23
23
-15
-7
16
15
26
-20
-20
-29
3
1
5
23
-27
9
23
0
12
6
-24
-10
-7
26
-28
1
16
11
-25
7
-28
1
1
21
27
18
12
2
-26
21
-10
-28
9
10
-24
-12
26
4
26
19
-21
-2
-4
-30
7
-30
7
11
-27
15
4
15
10
-21
-30
17
19
24
-6
-22
-26
23
-18
2
22
-18
9
-25
24
-5
3
25
-6
5
-18
19
12
-22
-2
12
-11
-25
20
-17
15
7
21
-11
-13
2
-6
18
-22
1
27
1
23
5
-20
4
-24
16
19
-27
13
-17
22
27
-20
24
17
-3
6
-8
17
-13
2
-18
14
4
4
-3
24
-15
21
-12
-9
10
-19
20
22
5
21
-3
-22
-5
25
-6
22
15
-17
12
-10
18
-24
-21
-18
-27
-21
-17
4
-26
-29
-17
1
17
-30
1
9
2
22
-19
22
0
1
13
-17
-12
-6
-23
7
2
21
3
3
-27
7
21
24
-11
-7
-15
14
-11
9
1
-12
6
-28
15
11
18
22
10
23
24
-9
20
-15
-23
-28
-24
-20
-20
21
-27
0
5
3
18
-24
16
8
4
-29
10
26
5
15
17
-21
24
-13
-2
22
-28
-26
-6
-18
4
10
-10
13
-27
11
18
18
3
-17
5
-15
-14
6
20
-7
-20
3
10
3
-27
8
6
12
0
16
-1
-10
9
-15
-20
24
25
11
-8
6
19
10
-13
-7
-22
-29
22
-1
26
-6
3
-8
-15
-1
0
-5
6
15
2
-13
21
-23
-2
-10
-12
22
1
-23
18
-24
20
9
-28
13
-18
24
-9
-12
12
8
-16
18
-9
1
22
4
9
-20
-1
26
-13
-18
27
-27
-22
10
13
-3
23
-27
-4
26
-21
7
-12
10
-24
18
11
-8
-7
17
16
8
-12
18
-26
7
5
-12
13
8
-22
-5
-2
9
21
9
22
-3
-6
25
-23
13
10
4
1
-14
-29
16
0
-15
17
27
-8
-12
16
27
27
-10
1
-13
9
0
-10
-10
-17
-7
-9
26
27
21
8
14
23
-6
2
-22
4
-11
26
23
-14
11
-3
16
-13
2
-11
14
-18
-10
2
24
-29
-20
16
-21
-2
-30
27
13
11
-28
-8
24
-4
-16
-13
-3
-21
-5
-4
-15
-23
10
-17
-6
21
24
-19
-21
21
6
-15
10
-21
0
-7
-12
-29
-27
23
-17
27
1
3
16
24
13
25
-12
11
-12
-14
-16
20
-8
20
22
-21
-26
-17
19
-15
18
-29
-21
-20
1
24
3
-29
18
2
-19
18
-8
-24
0
17
27
-13
-11
-6
1
9
13
18
-4
22
5
-24
26
-8
-22
-1
-22
22
-18
25
-30
20
27
-29
-22
3
-17
5
10
-9
11
-30
23
-21
24
11
27
26
-12
19
19
-1
26
-15
-15
-8
16
-3
6
6
19
-10
-28
4
-6
-2
-26
-10
-4
21
8
-1
-14
-29
9
-19
-30
21
-15
15
-15
15
-7
23
-27
11
-14
2
22
14
3
-22
-15
0
-16
8
2
5
19
3
-15
6
5
2
-6
17
17
-25
23
24
-17
9
15
-8
27
23
1
6
6
19
-4
-8
3
-4
23
21
2
-3
-13
15
22
7
-6
23
9
9
-27
17
-17
16
-7
27
2
24
-18
-22
-15
25
-17
-1
5
-7
10
-8
11
15
-26
-28
24
-24
19
4
17
11
-17
21
-6
-18
-30
-5
2
6
18
-5
-20
-28
-11
23
-16
-30
20
-23
16
-6
18
13
10
-25
4
13
1
-6
-11
9
-15
-30
17
-20
-17
22
-25
-18
21
24
-1
-26
-4
20
-29
-13
-5
-27
4
-29
-29
1
8
13
14
-14
-3
12
-26
15
-20
23
-9
-26
1
17
21
-25
14
1
24
11
20
-28
-20
3
-17
-8
4
5
-23
18
3
-30
25
2
4
-26
1
6
5
18
-17
9
13
12
8
-13
-21
20
-25
12
16
24
-30
1
18
-18
-15
-27
5
7
24
17
12
-6
22
-16
18
-19
17
4
-19
12
-27
-18
-21
12
1
4
-11
1
10
20
24
-30
-19
25
9
12
15
1
17
9
-26
-15
23
15
-28
23
-6
24
-25
-25
-17
-14
-24
14
12
1
-19
22
23
5
8
-13
-20
-7
-21
25
19
26
2
-9
-20
-26
0
-4
14
0
11
-2
8
3
-27
14
0
-11
25
26
-24
25
24
7
20
-16
-5
8
3
25
-1
-7
27
5
3
-26
12
-7
8
20
-12
-21
-24
-26
-19
19
-25
-17
-3
-29
25
-18
-21
14
-24
10
-20
27
-3
-15
11
24
-26
20
1
-23
25
-22
20
2
-22
10
-3
24
-15
17
-9
19
-6
0
-1
24
-11
-26
26
-27
22
-30
-24
12
25
-20
10
17
-2
-9
7
-10
5
13
-14
-27
24
-20
6
2
-21
25
-1
24
-12
20
-24
25
-10
15
14
5
-12
26
7
-8
-2
23
-9
-30
18
-20
26
-29
23
-15
-13
27
-9
-21
15
4
21
-6
-16
-3
24
25
-13
-10
24
-11
9
-27
-15
8
-8
17
-22
24
2
2
-6
-18
-21
26
13
-30
-26
27
1
-28
7
13
14
16
-3
21
25
-3
-17
-20
4
-11
6
-4
-24
-22
-18
11
12
-24
15
1
6
24
-7
-21
25
-10
16
-10
16
-16
0
14
-16
7
23
21
-15
-7
-16
16
-12
23
13
21
-4
21
9
7
25
3
6
-18
23
-10
6
14
0
-20
-30
-2
-13
-1
-21
18
27
18
-27
26
-8
26
-24
9
27
-3
8
2
-21
-8
23
-12
19
8
-13
14
-16
18
5
-6
-20
19
-17
-19
-29
-24
9
-5
-26
20
-10
25
3
-30
25
6
15
-9
24
-17
22
-9
8
15
-30
26
-26
19
18
22
-19
-4
16
-29
1
-26
12
-15
-17
24
-4
4
23
-15
-14
25
11
4
25
-14
-4
-14
-20
16
-3
25
1
-19
-28
21
27
-13
-15
-24
22
7
5
-11
-21
-7
-25
-23
-20
-2
-27
-1
-10
-15
-28
18
-2
16
3
-30
-1
5
-24
10
6
-20
7
9
24
1
-14
-18
-11
11
24
-23
17
15
-1
-1
-7
13
-4
-10
27
-28
-15
-20
25
12
-12
2
-24
22
23
3
6
-30
17
-12
-19
-10
1
10
0
4
11
-12
19
17
-13
22
20
4
11
27
20
15
7
-18
-20
0
6
26
-21
-29
23
10
5
-10
-6
-4
10
-3
15
-8
23
-2
5
-15
-20
18
15
-1
26
0
-17
-21
-12
24
-8
4
1
-2
-30
-29
-17
-6
23
3
8
27
16
-15
16
-9
-3
-15
0
23
-24
1
24
-23
-9
-24
-23
20
-26
-21
-4
7
16
-15
18
-28
10
9
27
16
-5
19
-11
23
15
-17
11
-5
-12
-26
15
8
-5
-1
4
-27
-20
19
21
1
-12
-20
10
-11
10
-13
12
17
-13
10
-30
-7
-11
-13
2
-22
22
-26
-24
26
7
13
20
-28
1
-1
24
20
-29
24
-10
-5
12
-12
23
-23
1
21
7
11
10
21
-24
-2
-24
27
-6
12
-1
-30
19
-18
23
-4
-13
25
-17
27
25
18
23
-24
10
4
3
-17
12
4
12
-19
-12
-18
23
23
-18
-7
27
-29
-19
-15
-16
-18
20
2
-23
-11
27
-30
-15
-8
-28
13
17
8
27
11
-22
-7
-19
-3
-22
-26
19
-19
7
-7
20
2
-12
20
-20
2
-10
13
24
25
-3
21
-29
7
-26
-19
-12
10
14
-8
-4
-14
27
-8
19
-24
-11
13
9
-2
-6
-13
-10
15
24
-7
-22
-7
17
3
22
-9
-21
-18
21
16
-25
26
-20
-17
2
11
-11
3
18
-1
-28
6
11
11
-7
26
-4
16
-17
3
-23
26
27
-23
-13
-20
-3
12
8
12
-7
3
17
5
19
3
-17
2
21
-1
23
-5
-27
22
-2
-7
-20
0
26
-27
-16
8
-15
-15
-17
-28
2
0
14
12
7
21
15
17
-20
-19
-8
10
-16
15
-16
4
12
-8
-26
4
1
12
16
0
-17
6
18
-10
-8
-6
-17
24
5
25
8
-11
25
19
-1
-8
18
10
8
3
18
20
7
25
-10
-25
25
-20
4
-16
8
22
-27
14
-27
-27
16
-26
12
-27
-27
-24
20
-20
-4
7
-3
16
11
20
-19
14
-14
-16
-2
3
12
24
11
22
0
-13
-18
-18
9
21
5
4
20
-11
9
16
-11
22
24
16
25
-2
15
-26
3
-5
0
-15
2
0
13
-9
5
11
-25
-25
23
-2
-30
-6
6
17
18
-6
-6
-24
27
25
22
-5
-19
-17
-20
22
-11
-20
-23
-7
4
5
-9
-26
-25
-9
11
-26
19
-26
9
-20
15
-10
-8
-13
22
8
23
22
-10
-2
-26
-24
-5
-25
14
4
-8
25
-7
20
1
-5
-19
-18
10
11
15
-14
-28
15
-9
-16
1
12
25
23
10
18
12
-26
12
-5
2
-11
-22
-22
20
-15
-11
5
26
-18
8
-6
-8
8
0
-30
3
23
-30
19
1
25
19
26
-24
-17
0
-4
6
23
22
17
-6
-25
-8
10
-14
6
-28
13
-17
-2
-16
4
-5
-29
24
22
-8
0
-11
-24
27
-5
23
-20
24
-3
22
-10
-25
13
3
7
-7
27
-13
2
-7
12
-29
-4
-18
-12
13
4
-3
8
2
-28
21
-30
4
15
6
-25
9
20
-10
-5
9
-22
1
12
21
9
-10
-2
-18
18
5
-7
-3
6
5
18
-9
18
-29
5
-9
25
-9
-1
-14
-26
23
9
21
27
7
-3
9
-18
14
-1
-17
-4
1
24
4
26
16
9
-8
-21
-20
21
-14
1
-22
14
6
-19
-5
-15
8
-13
-26
-15
-15
16
-6
7
-14
13
25
15
0
0
21
3
13
17
26
5
-6
26
0
10
-5
-3
12
-23
-28
8
-5
-12
-9
-30
-26
23
9
-30
3
-7
-29
16
8
-16
22
-28
-6
-14
21
-2
6
-9
-25
5
6
1
3
4
5
-18
4
0
2
8
9
-23
25
0
-2
-9
5
-6
-24
1
26
-28
27
22
0
14
-14
6
-11
18
-11
13
12
-8
23
24
-21
27
19
-23
-29
-28
-14
-19
5
-25
14
18
-8
9
-8
-3
-3
15
2
14
14
25
26
25
13
8
-5
-10
19
-26
-16
-19
24
18
-16
-26
11
6
2
-16
1
18
-12
-14
22
-20
-25
10
5
-19
-28
1
-10
-24
7
-14
19
24
15
24
11
-6
-19
23
0
-3
-9
24
2
0
-14
-11
16
-5
-20
8
3
-10
-29
5
13
-26
13
27
-10
11
14
-25
18
-18
-30
-27
17
-7
-25
27
-1
17
-30
25
23
-14
-17
-16
17
20
-26
-20
6
10
-21
13
9
-6
3
-13
12
-27
4
22
7
0
-5
-11
8
15
17
-11
-12
-2
23
-1
-25
-12
16
-15
25
-27
10
3
-10
27
2
-1
-10
-29
15
7
8
21
20
23
-19
-28
18
5
20
-17
-10
-19
-4
17
-3
-19
-7
7
-29
17
19
-30
17
9
-4
-4
11
-13
18
27
27
7
-20
-16
18
-6
-30
26
-6
18
21
13
18
24
-29
27
9
18
22
24
20
-3
-20
18
-5
-8
16
7
4
-26
-21
8
-28
17
-23
-6
15
-21
-3
1
2
6
23
-12
9
-10
-20
13
22
-9
-2
-2
27
-3
-1
2
2
-17
1
-10
9
0
-24
27
14
-18
27
14
-4
4
-21
16
2
19
9
6
-27
-2
-18
17
-10
-30
-29
-12
-15
2
-14
-29
-30
-18
-27
2
1
10
4
25
-27
-15
19
12
-30
23
16
5
2
-13
0
-25
11
8
-13
-14
-27
2
21
-3
-29
18
-26
17
26
-12
-1
-2
-23
16
15
-24
25
-22
21
-2
-22
22
11
8
16
-28
4
11
6
-27
-4
23
-4
18
25
-29
-18
-10
-23
15
20
-9
9
-14
-28
27
10
-13
4
-13
3
22
-23
20
-28
7
10
21
-14
-7
25
-24
22
-23
-15
11
-17
3
9
9
-7
-30
7
13
25
18
-30
-22
17
-19
13
4
24
6
21
-14
-15
-6
0
-15
-3
2
24
-17
5
-27
7
18
-19
21
6
-19
19
11
-2
21
20
-27
16
-26
-19
-21
4
16
-7
3
0
9
5
8
-23
-1
-18
25
-25
27
-29
9
25
5
-23
24
-23
-21
24
3
22
-2
1
9
15
3
27
9
6
-27
-29
-17
17
4
-26
-16
16
-18
4
13
5
4
13
19
-24
-6
4
19
23
-15
6
2
-25
-27
22
-15
-22
-25
5
3
26
-28
8
24
-26
24
-30
23
3
-4
8
3
22
-28
-14
17
14
-5
2
-27
11
-27
25
-5
-20
12
12
-27
21
0
5
18
0
-27
25
-16
6
-5
-7
18
5
-6
-28
11
20
-30
13
-26
14
10
5
-23
21
22
0
-19
-4
18
27
-28
2
4
-25
27
-21
25
-14
-4
9
-19
27
-18
19
-19
26
26
25
-25
-21
-25
12
-26
16
-29
7
25
14
2
-11
9
2
-7
-18
-23
15
10
22
12
14
-14
-26
-11
15
-11
15
-2
-30
5
16
-8
-14
10
-13
19
6
7
21
2
-14
2
26
-19
-2
19
23
20
-27
-13
15
13
18
-25
-29
5
-13
19
-2
3
-28
-28
-30
20
-24
0
0
13
17
-19
22
-25
0
22
-1
2
-20
24
-18
5
-6
20
21
-26
-20
6
23
13
13
27
0
25
-24
3
22
24
-21
-16
-27
13
-3
27
-6
-23
-26
25
-28
-4
7
-17
-18
6
9
7
-21
8
4
16
-13
27
-23
2
6
-3
-24
-14
4
16
-16
4
0
25
-20
-21
15
12
-27
4
22
19
-19
25
-10
16
16
-28
-15
15
17
-10
-18
-1
-8
13
-29
21
-28
7
3
27
-13
24
-7
9
-21
15
-29
19
3
-28
27
-26
9
19
-3
17
-28
16
-28
4
-28
8
13
10
-28
17
25
-11
-10
9
-15
27
-8
-20
15
-25
22
4
11
17
-1
-8
-28
25
1
-24
14
27
-20
-4
-12
-11
12
-26
1
24
-30
3
23
24
9
-12
-15
-15
24
-24
26
-11
1
4
-5
27
-13
27
-21
11
23
-11
27
4
-20
5
-8
5
7
21
23
13
-9
21
21
-3
-25
-11
15
2
-1
21
-7
-27
-20
-21
-5
-5
-28
-14
8
-4
22
25
9
14
-23
-24
-4
26
-18
-5
-4
15
14
-15
6
-3
-15
16
24
-22
-20
23
27
20
-10
-29
-21
-14
-20
8
-25
-3
-16
17
18
-23
22
-9
-23
11
4
1
9
-9
-10
-24
25
-22
24
13
20
-29
3
-3
26
12
-10
15
-11
-13
-23
4
18
23
-1
4
26
5
-26
-20
-14
-17
21
-26
12
-23
24
11
19
-15
-24
-4
-3
3
-15
5
8
24
17
-29
3
-15
7
-2
-23
16
15
24
8
11
15
-28
-10
1
-4
14
3
9
-28
11
-22
5
4
-28
7
16
15
13
-12
17
25
-25
27
-9
-28
-12
-3
-3
11
-10
12
18
-27
-6
-27
16
22
26
13
10
-3
5
-26
-19
-27
-24
13
24
-22
-26
19
24
-11
27
-16
4
-24
-30
16
7
21
-18
23
23
-28
14
-27
7
14
-12
19
-12
-8
-30
26
-9
8
16
12
4
-19
6
-25
22
5
-5
-2
-22
13
-28
3
15
12
-25
15
3
-17
21
-16
7
24
23
-7
-6
-7
22
4
17
-30
-17
12
-1
17
-4
-5
12
6
1
17
27
-22
26
2
-3
14
16
24
19
-13
-6
-2
16
-8
-5
10
8
-21
-19
-17
13
-7
18
18
-15
9
22
-18
14
-25
4
2
-11
27
-2
-9
-2
-11
16
24
-1
-17
-12
7
17
-17
22
-2
1
-20
18
6
9
-9
10
-3
-6
-2
20
8
16
3
-11
-11
-29
-14
2
5
-10
-8
1
-16
25
-12
24
13
13
1
-8
14
-30
-15
-28
-2
8
-14
-8
-8
-12
-14
12
19
-1
-3
-10
9
4
-13
-8
7
24
-2
-9
26
10
-7
27
-4
23
14
-20
18
-9
25
-19
23
23
-17
11
27
-12
-19
11
10
-29
-28
18
-6
15
-9
12
25
21
15
-28
-9
-28
-9
14
-20
-9
-5
15
-10
19
-16
-23
13
16
23
-19
13
-26
-15
0
1
10
-17
6
-4
-20
4
12
-19
3
-4
25
4
24
6
-3
26
9
4
-14
-23
-21
-9
-27
-9
-23
17
-5
26
-23
-5
17
-18
5
4
8
27
-1
1
-20
-18
-9
18
-10
-8
2
16
-19
-19
0
7
1
-30
-15
15
-23
-22
-27
-4
25
8
8
5
-6
20
8
4
-23
19
-20
26
18
-30
-20
-20
23
2
-24
-23
18
11
9
-26
11
25
-13
11
18
24
20
-4
0
-7
-9
-9
24
17
-24
2
20
16
-22
-5
-22
-11
23
14
-24
-12
-25
-7
-6
17
-13
21
-29
13
-1
-11
-10
18
-20
-13
-8
27
20
-20
21
26
-29
-21
19
12
24
-13
-8
-26
-26
-8
2
23
2
-30
16
-20
3
-9
12
-13
11
-16
-8
3
3
26
9
0
15
26
27
-25
-15
-12
-12
-18
-30
26
21
25
4
6
-11
-1
-28
0
-15
14
-5
3
21
17
12
-16
-20
-19
-11
27
-28
16
-8
-10
-1
7
12
-1
-18
5
24
5
16
-23
-28
1
-4
25
-18
13
17
4
21
-10
20
-20
19
-18
27
24
-23
16
-12
6
-22
7
14
25
25
-26
-23
3
4
10
13
-5
22
-18
-2
-3
18
-16
-16
-23
-11
-17
-14
7
18
12
-14
12
-3
9
3
-23
-1
-14
10
-23
-3
-7
17
-6
24
-20
17
0
-3
-16
9
-26
-21
-29
19
26
-3
4
-14
-16
23
-30
7
18
5
23
-14
-22
1
5
26
12
12
3
1
8
23
2
-20
-22
24
12
-7
-26
-28
23
-5
9
-14
-20
-7
22
7
25
-15
-6
-24
15
-3
20
14
-18
-23
25
18
1
0
-17
-25
-24
22
20
5
22
7
-25
25
-13
4
10
18
2
-1
-23
-9
1
-2
-10
1
-24
-23
19
-25
17
27
1
-3
-21
6
9
20
1
-11
22
26
9
5
-8
18
11
4
9
-19
4
-2
19
-4
19
3
-18
-16
2
-2
-24
-5
-11
-13
17
9
22
5
-14
14
6
-19
-23
-17
20
15
-18
-14
-4
23
-9
-30
-18
21
-9
14
-7
-22
-13
0
-7
-23
9
-21
9
3
16
21
-5
4
-23
12
26
18
-25
-8
-6
19
-10
14
-23
17
20
-28
7
-22
-2
-14
-28
20
17
-2
-1
-24
13
-8
10
-4
9
-17
25
-30
6
25
18
0
-5
9
8
7
18
20
19
-14
21
13
11
-29
17
2
-20
-29
9
11
-22
-1
-27
-19
23
13
-3
-25
5
22
6
-5
24
-24
10
18
19
-22
5
27
-1
2
14
27
27
-4
20
-6
24
-20
25
0
8
-4
18
-5
25
-28
8
-28
16
3
-5
-7
-7
-7
-18
-10
22
7
-13
26
-12
13
-10
2
-19
21
-20
-11
-19
8
7
17
-28
24
-19
-2
-14
-10
-6
-20
-23
-10
16
-30
-2
-30
12
5
-24
-16
24
-19
-27
-7
-1
15
4
-18
7
25
-4
7
-21
14
25
17
18
19
5
1
3
-7
-10
-23
14
-19
-24
-1
-16
4
-30
23
-20
-20
8
-23
7
18
-7
18
3
-15
12
6
-10
-1
9
-3
10
-4
-22
14
-11
-25
9
10
14
25
-4
-28
-17
1
6
16
-29
6
27
0
-15
18
-30
20
19
3
17
10
6
3
-29
-9
-19
2
-18
1
6
22
-17
2
-2
2
14
-7
-21
9
-9
8
15
4
24
-6
24
21
-26
1
5
-29
-23
6
18
-16
-9
-6
-25
25
16
7
-17
-2
16
8
6
-7
3
11
6
-11
-5
-15
10
-13
-11
18
-27
16
-4
21
19
21
24
27
2
7
-30
-16
2
22
-17
25
15
6
-11
-21
-10
14
-1
-8
6
24
-1
15
18
23
7
-1
17
12
26
2
24
-15
-12
3
0
22
2
8
-9
11
-10
22
-8
4
17
11
-26
11
-18
-27
7
18
-26
24
22
-27
2
-11
9
-24
-14
8
17
1
3
-23
-27
-18
-17
8
-4
-9
15
-24
9
21
15
17
-27
-11
-4
10
-21
-24
4
25
-28
-19
-29
12
-14
23
15
4
1
-18
-21
-26
-14
3
5
26
11
-23
-27
0
-26
17
-7
-30
-8
12
25
-12
-17
-19
20
14
16
-9
-9
11
15
6
-18
7
-17
2
-25
24
6
-7
-10
-13
9
-28
16
-24
22
-18
21
-3
12
26
14
20
7
8
10
12
-10
-10
25
25
-1
-18
-3
8
12
-28
-11
-17
-22
-21
2
-26
0
-7
6
-29
27
-25
2
16
6
-12
11
9
-7
-27
1
1
27
-12
-19
20
-20
6
1
24
1
18
12
-21
-4
1
13
20
-27
5
-21
-12
-13
4
21
-22
1
14
-4
13
-10
-17
15
-3
-26
4
0
18
17
-15
3
19
15
24
-28
-19
13
-18
-1
1
-3
22
0
-5
7
22
-6
1
22
20
-8
27
-27
19
-27
10
2
24
-23
27
-27
-1
-20
-18
-18
11
26
6
-12
4
8
10
-28
-17
-9
12
25
11
14
-19
2
7
13
-20
-19
-27
-8
-14
-12
0
18
-21
15
-7
0
4
-4
23
23
6
-20
-8
-29
8
20
-19
16
-28
4
11
12
-22
3
26
-11
-15
10
2
-21
27
-30
8
24
10
-2
1
5
-19
-29
18
-19
12
19
-6
-6
25
6
-9
18
13
-28
25
17
-18
14
-18
-10
-6
-17
26
6
19
7
-14
18
-27
24
-17
10
7
-4
-5
8
11
25
-23
-13
-23
15
5
0
-6
7
10
-24
-20
27
19
-26
-11
-19
10
10
7
-4
5
-24
2
14
-5
2
14
-17
23
3
24
-5
7
22
-30
-28
-22
17
3
21
-29
17
10
22
-17
-13
17
3
-25
-14
-10
24
-9
16
26
-1
-30
9
12
7
-23
-10
-20
20
-5
-8
1
11
18
-8
17
-13
15
7
2
-21
-2
7
4
6
-30
-24
8
6
1
-4
-27
-30
7
11
1
13
-7
-7
-27
26
26
20
-30
-24
26
-3
3
0
-26
3
13
2
24
26
27
-11
-30
27
22
2
0
-23
24
-24
15
-15
-28
9
-6
10
14
8
-15
-23
23
-10
6
-21
-21
17
-14
-7
0
-4
0
4
-16
-13
19
-7
22
-19
24
8
12
6
-25
-27
24
-13
2
-30
3
14
12
23
-22
-2
-24
14
13
-6
6
11
-23
-9
18
1
-4
23
6
14
-5
-30
-7
18
25
10
1
26
-6
-5
8
-25
6
10
15
22
11
-2
-23
4
2
13
9
20
-28
4
24
18
-17
10
-11
-11
-26
-20
22
-30
-26
16
7
-18
17
-27
7
15
-8
-8
-19
13
-5
-8
1
6
-23
18
19
-30
23
0
15
10
13
10
27
12
-6
9
-5
-12
9
-27
-8
-4
-1
-29
19
4
20
-6
-5
-18
-8
13
9
-3
22
-10
27
1
12
20
20
13
-10
4
-19
9
14
-8
-3
9
-24
-19
22
10
16
-14
-11
-9
6
-13
12
-9
9
-13
-19
-19
-19
-4
12
-23
-16
-16
-21
3
-10
6
-7
19
18
-6
-23
-2
-23
22
-17
0
26
-16
-25
12
-20
20
-18
20
1
15
3
0
10
-13
-14
-23
24
-28
19
-24
3
27
6
2
-21
-30
11
26
6
-14
21
-23
8
-28
3
23
9
25
6
-3
15
6
-9
-22
-30
15
21
-1
0
3
-17
1
-27
27
-20
-25
12
5
7
-18
16
14
-7
-24
20
16
14
-21
-21
8
20
14
-13
-24
12
9
25
-8
1
6
0
-18
-11
12
-19
9
15
-15
-26
21
-9
6
19
-15
-19
19
6
7
-4
-11
-16
7
27
-29
17
14
19
-10
-21
23
-8
-13
14
-9
-9
-30
17
-24
14
25
-2
12
21
-15
-20
-5
16
-12
-15
26
9
-12
-5
18
-10
18
18
-8
16
-22
-2
7
-14
9
-11
-20
-17
20
27
-12
-11
19
-27
11
-30
3
4
11
6
-15
-23
8
26
-11
-25
23
26
-15
4
5
-11
-20
0
13
11
-30
12
2
27
-10
-3
-3
-9
26
24
-30
5
16
-21
9
17
10
-1
-9
-6
9
-21
24
-22
-26
9
19
-26
18
21
16
-28
-10
-24
8
-20
20
2
13
27
-3
5
-13
-10
-22
2
-1
-20
17
2
2
12
-10
8
-9
19
9
3
-27
16
-26
-20
7
21
-20
19
-17
0
27
14
23
18
-14
-22
-12
-2
23
-26
-2
-13
-1
-23
3
15
3
6
-27
5
19
14
9
-11
-13
21
17
26
-12
-28
16
-2
-10
4
-10
-29
14
13
27
20
14
18
23
-6
-21
5
-16
-4
-11
-30
24
7
0
18
-14
-7
-8
-11
-6
16
-16
18
-9
-25
23
-3
-27
-3
-27
27
17
24
-11
-7
-14
20
22
-5
15
4
12
2
4
18
5
18
-12
-12
-19
-21
-9
-11
-30
-16
-30
6
5
4
7
1
-25
6
1
11
16
3
-5
-10
25
-6
-24
26
13
26
-10
-30
-4
26
2
-3
5
4
24
0
16
-16
26
14
18
-7
7
-27
-9
-30
10
-18
22
-2
-28
27
-17
19
13
3
23
-29
-27
-24
-27
12
23
1
4
7
3
21
0
-18
-8
25
7
0
-28
-11
-26
-20
8
24
-16
11
15
13
17
20
-19
13
-23
-17
-1
0
-12
5
3
26
16
-13
7
-14
-22
19
-18
-12
9
-12
-5
-29
6
9
-26
5
27
13
-13
-4
26
15
-26
15
-21
-28
5
-6
10
9
-17
8
13
-21
2
15
-22
14
1
27
-12
3
15
23
-23
-12
-21
27
26
3
22
25
-27
-8
14
-30
11
-28
-22
9
17
6
-1
-19
-3
2
23
-11
16
-16
-13
14
24
-14
-10
-12
-2
5
-26
19
-16
20
2
12
-4
-28
26
-6
-5
20
21
10
-27
-12
-9
4
-11
-27
5
3
-30
14
9
-24
6
16
8
3
0
-1
-22
6
7
26
-25
-5
0
9
-22
0
9
8
12
9
-13
9
-1
21
-4
6
-10
-11
-21
5
20
16
12
-17
-24
-14
19
-2
3
-8
14
13
8
16
23
-22
21
-17
-2
8
18
-11
17
-10
7
8
-23
-29
21
-6
24
-11
4
19
-18
1
7
-17
-14
14
-14
-20
10
-13
16
12
-6
-24
-5
9
20
-12
-1
-23
-15
-4
-25
16
25
9
17
2
-22
16
-8
13
-10
2
-17
8
-18
-8
-16
22
7
24
0
10
-17
-4
9
-18
-2
-7
9
4
10
-21
7
-24
15
18
-16
24
0
1
-24
-27
20
5
11
24
0
0
15
5
27
-22
26
1
-30
18
-18
-27
-5
-30
-30
21
20
22
-9
-30
4
-29
18
20
-6
9
-25
24
-6
-20
15
-29
21
9
-28
7
10
15
-29
22
18
21
7
-27
-1
26
-4
-23
8
-15
-27
10
12
-18
24
-22
20
-14
5
14
26
-24
-24
13
-23
0
16
23
27
-16
-21
25
-30
4
-22
6
13
-7
17
-12
-22
25
-8
16
0
-10
-29
4
25
-16
1
1
4
7
-22
11
25
2
-5
-17
27
2
27
-12
22
-6
-17
3
15
23
-21
14
-19
-14
24
20
6
-12
19
-20
27
-23
-1
20
25
0
26
27
5
27
4
-24
-9
-27
7
-5
-8
-11
7
8
-8
20
22
14
-8
27
-23
19
-27
-4
-5
-10
-4
18
-6
-5
7
15
-29
11
24
-15
-21
13
-24
-4
18
2
6
-14
-21
-5
-19
-24
8
-5
-6
-21
-20
-5
-22
27
8
8
13
10
-10
-22
26
-7
-18
-15
14
-27
9
-18
19
-10
10
9
20
-8
22
-22
-17
1
5
-10
-14
-23
-22
23
-6
7
-12
13
-29
20
8
-24
26
-15
13
-5
27
7
-8
-18
-16
18
-15
25
26
17
-15
-24
-14
-11
26
-20
26
27
23
-11
-11
8
-13
-28
3
-30
6
-10
6
20
21
21
-6
-3
-20
-20
-21
7
5
-25
7
1
24
7
22
-29
-3
-19
3
25
9
10
13
19
15
11
22
-29
19
23
8
-25
11
9
-24
-29
-19
20
-5
-27
-4
7
12
15
3
10
-23
24
0
0
-7
5
-3
4
4
-29
-27
16
-27
-20
-18
25
-11
-25
6
4
27
-16
24
24
25
21
-13
-20
10
12
-6
23
20
-23
25
2
-28
-23
-24
21
-22
-14
-27
-15
15
-22
26
1
-3
-19
3
15
16
7
25
-20
-20
22
27
-3
-7
-28
16
26
-16
25
-20
26
18
10
9
-25
5
11
-27
0
-30
-5
24
24
-24
-18
-19
-17
20
20
-24
-3
17
-12
-7
-22
17
-18
25
1
14
-1
25
-23
-28
12
17
0
2
-13
10
-11
-13
26
11
17
-21
-22
-15
15
3
23
0
-9
0
-17
7
4
-28
-28
20
0
-6
-28
8
16
7
-13
16
17
-10
18
-19
1
-25
17
0
-4
-14
18
17
20
1
-30
-22
25
-23
2
25
-3
18
-2
-19
-25
10
-30
13
25
25
9
-23
26
1
8
-27
-18
19
-28
16
1
0
-5
-26
23
-11
20
22
-30
-7
-16
27
25
-2
-30
22
-29
0
27
26
-7
4
-23
-18
13
4
-24
-12
22
22
24
-22
-26
-2
9
20
-5
-20
2
-5
9
-9
10
-8
-4
17
-22
-14
20
26
3
3
-29
-17
22
-26
21
-11
3
-23
12
10
-19
24
-20
13
-2
10
-28
12
20
18
-4
-15
21
-26
8
-21
23
13
-22
16
-30
14
21
8
13
-11
-3
19
-14
-2
3
11
-19
6
-25
13
18
25
-10
23
4
17
-20
26
-21
21
15
8
-3
-25
5
25
-21
5
24
-5
22
-18
27
11
7
-30
-14
13
-21
-3
-20
-1
27
27
-21
-22
-4
13
-14
-16
4
20
8
13
4
8
12
25
18
20
17
-6
-9
-26
-25
-4
1
-17
-12
26
11
-7
-23
-13
6
22
-26
-14
-18
-2
-9
24
-20
22
-13
12
-7
1
-11
-23
15
4
-11
-17
8
-15
21
-5
-25
2
-1
-20
23
-5
-27
-9
-29
23
0
1
15
12
25
-7
10
-15
12
4
10
11
5
-10
-9
-9
27
-28
11
-19
-25
-8
5
-19
-17
0
25
-5
-1
18
3
25
5
-25
-27
-28
8
13
-11
8
4
-13
-26
2
26
27
22
21
-8
-20
-21
-30
2
22
-9
-24
26
-16
-24
12
21
17
17
-28
-11
-5
-16
27
9
-7
4
-4
-16
3
23
-24
1
-10
12
4
-10
2
11
-16
9
-4
12
25
14
-3
-9
-22
3
10
17
-19
-12
23
-17
16
16
-23
11
-14
-26
-3
18
-10
15
13
-11
-30
12
-15
1
3
3
2
0
26
-24
-26
20
11
25
20
7
-28
-3
-24
0
-14
23
25
18
26
-2
-10
-3
1
6
-12
26
23
0
-27
-21
10
-4
-6
23
14
-30
-10
13
26
-24
-1
6
-10
-8
-11
-1
-11
9
25
22
-1
5
9
-2
-16
8
-13
21
24
-23
8
-13
22
-13
-13
11
22
-20
12
-4
4
20
-23
27
10
-11
3
-18
25
-16
0
-23
-6
11
12
-19
2
8
7
-17
22
16
-15
23
4
-24
27
-8
0
-1
-14
8
13
-27
-5
14
-7
-19
13
6
25
7
-18
-4
9
1
18
5
-3
17
1
-28
26
7
-26
11
3
11
-25
-9
1
-22
19
-8
-28
-19
5
6
-9
2
22
6
23
-17
-2
6
12
0
19
-17
23
-7
12
12
6
15
-2
-2
-12
-8
7
10
-3
16
-10
-15
-19
-12
-10
-20
7
2
8
26
2
16
-8
-23
-16
7
1
14
-2
21
18
-1
6
22
12
-26
-9
-19
-25
-24
24
27
26
-3
-15
12
-20
-13
-6
23
8
13
-5
12
-26
-9
-4
22
-23
-19
-20
-13
-12
-30
-29
-11
-24
6
-22
-12
-21
9
-2
12
-14
25
-20
-7
11
-8
4
-29
2
20
0
18
-7
19
21
14
-25
22
-20
-17
-19
4
7
-28
16
-1
21
-8
-12
-14
12
10
12
19
-19
-29
8
2
-22
17
20
13
4
4
19
23
3
13
25
-4
-5
-20
-24
23
1
-9
-9
10
-6
-15
-26
-19
0
-9
10
-28
14
9
14
22
-6
-16
4
-4
-5
-4
7
-14
20
11
4
-13
26
17
25
17
12
-22
-24
-6
6
2
24
3
0
-13
-16
4
6
-29
-17
19
-13
14
-28
18
17
16
-21
-18
-30
-29
5
7
4
8
22
21
-16
12
-29
3
-18
-30
8
4
26
-2
-9
-15
18
-2
-30
5
21
-15
19
-7
26
2
-15
-2
-23
10
-20
3
19
12
-9
25
-22
27
12
8
-13
11
-16
16
13
4
-11
20
-23
26
13
-22
5
9
-13
-9
21
-11
5
-26
1
-28
-13
2
6
12
0
2
-26
-23
24
22
20
6
15
0
0
-10
-16
-7
27
-30
19
20
-6
9
0
-21
21
21
-1
-13
-17
15
14
-2
-13
20
-15
-23
-1
25
0
-21
-13
9
-10
-26
20
15
14
-10
-24
-19
-30
25
-11
7
-15
14
-28
5
21
23
6
24
-4
-3
-9
-9
-6
7
-3
8
22
-12
15
-4
13
15
12
-25
-21
-9
17
-3
-6
-20
-10
10
8
16
22
-14
-5
15
-3
-7
-28
-17
-5
1
-16
2
-26
13
25
26
11
16
14
25
27
19
-7
20
24
9
-8
-30
15
-19
-25
-19
-10
-1
-15
20
14
-24
17
8
-30
-28
-3
13
-28
-24
17
-3
9
5
-8
-11
26
4
5
19
24
12
-19
-7
-3
-25
-23
10
-29
-30
-5
23
20
-9
27
10
-23
-2
-10
-4
-29
-23
8
0
2
0
6
7
4
23
21
18
9
4
3
-1
1
-3
-19
-30
-9
9
-15
-9
-28
6
15
-20
14
13
1
22
-12
-13
17
-24
27
12
-27
-17
27
-19
-13
26
-15
10
16
-21
-27
23
16
-8
12
-9
-18
0
27
12
-22
-25
9
21
-24
1
1
3
9
11
-13
26
-28
5
19
-8
-10
6
25
22
-30
-2
10
-27
6
1
9
24
-3
-18
25
17
15
-15
10
17
-24
0
-20
3
11
23
-5
-19
-13
-25
2
-19
-2
-23
22
8
-14
10
18
-19
5
15
11
11
18
-15
-21
24
-9
22
13
-13
14
25
13
-20
-9
-4
-15
19
-5
-28
5
-28
4
-27
13
5
-8
-5
26
-19
-6
-3
-6
-13
-5
4
-23
6
12
10
-12
18
-12
26
-20
-12
21
19
24
0
15
2
22
-12
25
-6
22
-28
-7
-27
-4
15
-4
26
24
9
-19
4
7
12
-22
-10
5
-7
16
-16
-8
23
-14
11
3
9
-18
-30
-20
-14
-28
23
-6
24
23
-9
-19
9
-30
-25
6
-23
20
5
-9
-14
12
25
-28
16
8
-9
12
-4
-6
-18
16
-11
-6
15
20
-30
12
-25
16
19
-24
4
-12
12
16
-4
-2
10
-2
9
-19
-22
7
7
24
5
-9
27
13
-3
-27
-16
16
-26
14
-25
9
-4
2
25
14
18
-30
-20
-11
12
-18
17
16
-12
7
23
24
-11
6
19
-13
-1
10
10
6
15
-10
24
-6
-21
8
-19
14
8
17
-22
-10
13
-13
21
16
24
8
-13
20
-14
7
-14
18
-21
26
-10
-3
-21
-1
19
-22
5
-18
-15
-10
-22
-10
-20
-14
-21
-20
15
-17
19
2
-13
19
20
-2
7
1
23
-30
-9
18
5
-20
-22
4
-18
27
23
-2
-8
21
-21
-17
2
14
-9
-5
13
6
25
0
-5
-22
-29
-13
15
-9
18
-21
18
-24
6
3
26
-25
4
13
8
11
-8
1
21
21
-5
5
5
7
18
24
20
1
-18
25
-3
6
-24
-25
25
24
21
-7
25
21
-5
-5
-16
27
17
-2
23
-3
-13
11
-5
-30
18
-30
9
-6
-5
-4
17
0
-7
-21
23
-19
23
-29
0
1
-7
-4
-14
-18
21
-24
-4
-5
14
-23
-13
-19
23
26
-25
-6
14
27
-25
-30
-14
-25
-24
19
25
25
15
-1
27
-4
18
-20
6
-12
3
-12
-28
-2
-11
15
0
-15
17
1
23
9
21
-19
3
24
3
-1
-2
15
1
-2
-5
-14
-15
22
-23
9
20
26
23
10
-11
-17
9
-14
11
3
15
-7
16
-15
13
-26
-22
6
19
-30
14
17
-20
-8
5
-28
-30
21
2
-3
15
-4
5
15
-2
-21
18
21
26
-2
3
20
-18
6
6
21
23
5
1
-20
6
-22
-3
26
-17
-12
-12
14
22
-2
24
-13
-22
-29
-26
27
8
14
13
12
9
21
14
-3
-4
-24
-6
-16
-17
-7
5
5
-16
-6
15
17
-1
16
-10
8
24
27
19
26
-3
21
9
25
-22
16
-24
-2
11
-25
-29
-30
-13
20
-26
-20
4
-26
-25
1
-6
-28
18
-14
-30
-29
-17
-19
26
27
-9
-18
-19
16
-12
-10
3
12
-7
-9
-1
8
16
-2
10
-25
11
3
-29
-27
24
16
23
-6
-23
-9
18
-20
6
-20
-28
21
-17
-22
-24
4
25
-8
-17
-26
21
-24
4
14
26
-16
22
-1
21
9
6
12
11
9
-8
11
-8
11
-29
12
-6
17
-2
-5
14
-23
-25
22
-4
24
1
15
4
-7
10
-23
-9
5
-19
-14
-26
15
23
-8
10
-10
-17
-12
-20
-7
15
14
-24
-24
0
7
21
12
-10
-25
26
6
14
5
-29
11
-3
-17
-25
15
17
6
3
-8
-24
13
25
-28
19
-21
19
12
-7
-8
-26
18
-6
10
22
-16
-26
13
20
-30
24
-5
-28
3
3
2
19
-24
6
26
4
-11
-16
12
-12
27
3
-16
-5
-19
14
24
-18
-23
11
17
-21
22
10
-10
-1
-26
17
-13
0
22
-19
27
-12
6
-19
23
10
26
-12
4
-4
-3
27
-13
-30
-24
11
4
-2
7
-7
1
2
-20
2
6
25
4
14
0
25
-26
-22
-15
-6
-13
20
-3
17
15
-27
-14
22
13
21
16
-16
22
20
10
14
-14
5
19
1
-18
19
19
-6
-16
-10
11
-14
24
-11
-27
-15
9
12
27
-14
-1
5
16
12
-16
-13
0
-16
25
0
-15
-3
-26
16
-23
24
8
-2
20
23
13
-22
11
2
-9
-2
-1
4
13
-30
-9
25
25
1
12
24
-30
24
-12
-14
-24
27
18
-29
26
-3
8
-4
25
5
0
23
14
4
-29
5
-23
-28
-7
-24
-2
11
21
-26
-12
10
6
25
-21
